145
66.50496483880967
146
51.351763836282764
147
52.3125679701471
148
57.69642408651524
149
56.2481250115565
150
57.918979557352664
151
72.11769913026319
152
59.613729981952794
153
54.337625782261945
154
51.46669924810524
155
54.331201702127686
156
60.78841819736351
157
62.66746377907537
158
52.40842496538698
159
60.37834503342685
160
35.53609141872622
161
68.37400198367523
162
59.01109467531315
163
59.026872373780826
164
60.25240555285937
165
52.51538475737949
166
51.98071511812123
167
66.89521596079877
168
68.25025506726406
169
53.35259890798587
170
65.8622131482866
171
63.4706759479756
172
71.53012566897323
173
76.03322086976468
174
69.7072539815087
175
58.574465401247615
176
69.25128506934466
177
80.37144900644408
178
55.01668051728645
179
65.27933066928973
180
75.47315389252009
181
72.34243451276727
182
67.51109774522457
183
71.6249539858482
184
45.11964759295993
185
78.58273682132946
186
77.46562857964257
187
86.2132921427158
188
71.5386652327943
189
69.31649607731717
190
78.34425138680787
191
69.10600409605914
192
65.21608518871842
193
90.35047363615759
194
72.92490648701695
195
90.73567020945798
196
66.53749185560537
197
92.86296230136145
198
82.2389443303905
199
87.3209904384987
200
71.13702377323256
201
60.129156777637725
202
82.25668462454972
203
90.55289452008
204
61.78286850789113
205
93.57959258346848
206
73.27941129408333
207
89.02585936313467
208
72.87625384343929
209
87.28516738684127
210
88.69477068183429
211
77.44688954406627
212
82.09665144900828
213
80.19481426282026
214
81.85557776073588
215
74.57079805837398
216
83.59015451880008
217
95.54574139573215
218
85.76899216171114
219
74.97781938773686
220
94.27090155902492
221
83.62059628161094
222
77.58905856267451
223
78.06441601702396
224
66.55323760292806
225
75.64890027514978
226
69.4650949426275
227
58.045618322124575
228
73.94675553833474
229
59.82890757498808
230
69.56094435247323
231
76.67461707491468
232
64.87929240389201
233
66.07410392729695
234
69.49785005450929
235
80.6312393135802
236
73.70508714308205
237
68.48654721395492
238
72.08564192154869
239
62.86310516059765
240
71.0529168502153
241
66.15189820632328
242
82.31967735957336
243
70.13378396175261
244
83.49643830540856
245
81.09652546096984
246
81.36174868240397
247
85.55782330946238
248
85.80696023754206
249
78.03525809322385
250
83.61392428330292
251
78.50019700107093
252
73.58161672445422
253
78.05167613867901
254
93.12266875546074
255
98.84847047141434
256
59.24461833570458
257
74.82695092962831
258
63.189540200516994
259
67.59080276187072
260
92.15857024765108
261
75.98778396840098
262
78.98247469418553
263
73.17664514456277
264
66.01620499467786
265
78.6281321416509
266
74.34414029363042
267
88.83515243939573
268
92.20915881372406
269
86.27847904014895
270
77.45965218519302
271
84.32562070138145
272
66.63919015592873
273
57.49664801793356
274
88.68631366507846
275
76.72435073106186
276
70.39553636045471
277
77.48432077706607
278
79.50571563764437
279
85.96177128543515
280
85.34806513197366
281
86.1344540809385
282
85.82111417700312
283
81.50134250716138
284
77.5079581046168
285
86.48866983059855
286
81.85061252339896
287
86.63044151478195
288
82.68902039922358
289
87.69933548877812
290
87.77903032698615
291
75.864851368981
292
71.45592774061197
293
74.04639044046867
294
80.67470444793426
295
89.56872651723837
296
75.38901377334582
297
81.7361251188127
298
76.0988892812256
299
78.74834444210116
300
88.75975120368471
301
92.33396862279477
302
87.12005992414585
303
83.68269069235703
304
79.98888091800224
305
74.89322324570921
306
88.58781293927524
307
88.67886644412644
308
80.44227417520842
309
72.15240206658709
310
84.01739472862856
311
81.05352660937938
312
76.95380788695313
313
73.80191769869292
314
81.48843723826043
315
64.25982691935656
316
70.36786737641768
317
84.33812534971403
318
64.358801710672
319
67.02158409002527
320
86.72187322984804
321
77.73235678949014
322
73.86310765689554
323
66.86792479554305
324
77.07698569840774
325
77.31450133248254
326
99.78701055952807
327
84.33043253986395
328
73.71073693155722
329
84.78462239986757
330
79.49684809421001
331
86.4793253216511
332
89.15077166105974
333
87.20349110796793
334
90.85531361622827
335
88.01685516590213
336
93.71567713034266
337
94.83701747050056
338
90.47170721939509
339
97.84327816776924
340
83.68452336231056
341
71.68757579495191
342
96.16964354481586
343
105.48739224232516
344
81.19007420955674
345
98.95024028282295
346
90.10955230648975
347
79.12824422302899
348
75.26933675690844
349
78.5776841292318
350
80.93619310447059
351
77.43382908795819
352
73.66057309411586
353
69.48091699765405
354
80.98906838369898
355
71.41819896907256
356
73.52179737431454
357
82.65699020679891
358
81.72215616761956
359
76.96010448713133
360
73.959588923611
361
69.46403448871861
362
69.77741231452691
363
75.36144690815608
364
80.86018344179475
365
84.20395101376789
366
83.65505666542012
367
86.81379251049722
368
89.81779310106475
369
77.1396426880902
370
83.36437618599761
371
71.83635710274889
372
76.51016670938846
373
80.5793101917255
374
76.82287985706961
375
75.52346087734969
376
74.3292023472016
377
78.72090271067046
378
76.67792929029936
379
80.91638639178325
380
82.97707068389006
381
81.52252527993282
382
78.60591790867788
383
69.43877852595313
384
72.05837032922231
385
75.85809768552836
386
80.8526667259112
387
74.87393286862637
388
72.22529726865892
389
84.09951263247244
390
79.3952579208794
391
69.56753105922823
392
76.02980333396904
393
75.7166054720131
394
75.54975672153759
395
73.02245613720494
396
74.04838774601437
397
73.769871957545
398
69.16285369822761
399
68.19501106485433
400
70.51343539197974
401
78.10420061224423
402
78.64723793403847
403
87.89738922541815
404
83.13394193662097
405
89.19640297680435
406
76.47753987610665
407
92.83837224473969
408
84.49109285634134
409
81.9290989065602
410
89.63206645886571
411
80.4501596844821
412
80.09987112482034
413
94.85657368793187
414
84.55517822037197
415
83.85421013000357
416
80.7045722024434
417
81.76190931984196
418
83.66355670718835
419
93.72378027391933
420
72.21001212360768
421
78.82708322561714
422
73.10607854692684
423
80.25897076160362
424
80.02379326345913
425
77.1600518865955
426
82.44363962662322
427
87.394589929093
428
84.66938898510408
429
82.86120579658095
430
78.31837622187035
431
85.93971121416868
432
80.26284281561266
433
85.28359536038715
434
83.40295904302415
435
89.30789051685133
436
86.30177428773608
437
82.01864748782901
438
82.77347447499906
439
92.49099850797505
440
86.0278224202773
441
88.03765892661869
442
92.03363406256737
443
82.87410569877363
444
86.38851641613181
445
82.28621921972503
446
79.5214342879749
447
82.20906694559854
448
69.48655713149812
449
76.7023903578655
450
76.86799045209399
451
66.96807445017349
452
71.87952537244107
453
73.08323564121602
454
71.9803685247082
455
70.5499938000143
456
75.56237545941059
457
73.73655554753596
458
74.09488970616061
459
76.2780714681078
460
83.13069481044414
461
82.98043811661712
462
81.62458787707202
463
83.84793959661934
464
78.5032563840521
465
77.16360040173669
466
76.26962510931901
467
78.9721389991989
468
86.42010662329773
469
97.74200893564202
470
87.73025628348721
471
91.05905467209459
472
82.64026779596733
473
81.12290694002972
474
72.75299657026346
475
73.61468486418269
476
81.85432047895819
477
68.78552566246603
478
72.36466039878182
479
74.73779497572986
480
70.79189039547354
481
76.16901098061295
482
72.54285862522602
483
73.11361568211639
484
73.40020767083458
485
72.76891539325842
486
71.54914750411152
487
82.91419805013781
488
85.69812749088359
489
89.21960408773919
490
79.7053234937402
491
82.72150222641092
492
84.90143319872351
493
89.07545490151571
494
82.90433322867594
495
75.75796430650703
496
84.76473465687933
497
84.2765001941983
498
74.21705721251455
499
73.56349925342934
500
73.40196820143444
501
71.44299140990336
502
75.08244219999673
503
73.4782668803059
504
71.27788527126447
505
70.65432016459188
506
77.82653855758086
507
74.95603014179794
508
74.36944064738118
509
71.90217073427903
510
75.79741197794071
511
73.05176844585843
512
74.27292064227439
513
75.96471387870663
514
72.64257773848034
515
77.61795361525702
516
67.83598581370309
517
77.75492912598085
518
74.92279110743475
519
78.97253171382086
520
73.71073123474665
521
68.19580812962644
522
68.71585838739723
523
62.93796788365636
524
66.01235171914823
525
72.0471782207141
526
70.42887449773103
527
67.45420557603045
528
80.38346018305745
529
77.25622255205927
530
78.79145151357058
531
78.758267560611
532
73.57605506459161
533
74.04079094904914
534
69.19720014034245
535
66.06339053195587
536
74.19017042830124
537
74.10594597391075
538
70.21064939683633
539
73.50196474005728
540
68.53518328534551
541
67.88720769998012
542
65.54036998918328
543
64.42255847653975
544
64.21844185234846
545
64.21301624511665
546
62.51619178021236
547
61.0143462234838
548
61.152620009672574
549
61.120793594315266
550
61.49548070842183
551
61.52910301701862
552
60.944381558748795
553
64.29155357482254
554
63.84379930099816
555
72.69598250035752
556
66.86076305073134
557
73.26221253305476
558
72.56809150330571
559
78.35676366110035
560
85.76418666747946
561
81.280646838538
562
98.95356194561002
563
120.57762660743533
564
112.63910088934077
565
118.69635758316834
566
114.77961808105911
567
107.49346956369521
568
98.93396741033375
569
87.52878405109215
570
90.7010898853379
571
79.66310345469756
572
81.96424425214526
573
76.85347731523892
574
79.19323601779415
575
76.20650071013193
576
75.66767515992339
577
74.94805362090382
578
74.15386239425057
579
68.32569240815877
580
67.38605110020056
581
68.12253661668548
582
69.29511576423023
583
64.29325295389827
584
64.34405109417195
585
62.974205444033615
586
58.59104680814926
587
53.00374434458601
588
57.69092178822088
589
55.15942512020757
590
58.1140203583201
591
53.88119164680032
592
64.76370655089103
593
73.3933016079654
594
72.58444719948831
595
73.536615674327
596
98.0348447114934
597
90.61860036259463
598
79.7075894349742
599
92.43776747363789
600
82.64266118257386
601
85.81353405507058
602
77.71086305615012
603
73.82549766400793
604
74.79102750154229
605
70.69840902867442
606
66.55800545044241
607
68.28483669753507
608
69.27424010854557
609
68.93342404631443
610
63.489390635571944
611
67.179122072505
612
70.7926434589615
613
67.21830036744575
614
61.9401201092627
615
61.77023852804484
616
63.16183742582553
617
76.25048334694252
618
68.29182087847938
619
73.78082453160268
620
75.26481929466937
621
92.08703189863515
622
87.78201705450702
623
88.54394250384034
624
92.5728296945979
625
107.10287715866949
626
114.89210737938708
627
93.30745967604203
628
101.61216939945827
629
82.42630378233567
630
100.46405325176957
631
88.02351827835788
632
81.01205615140232
633
80.48551750223963
634
76.22038346650365
635
72.33567259664113
636
65.00500489705473
637
63.35184924439923
638
61.08361224465538
639
61.11128900921524
640
56.79628936034519
641
57.19634655427474
642
54.821707016256305
643
56.76821590086461
644
57.91206863714898
645
60.328374769392724
646
62.15961672000461
647
63.73072567613052
648
64.06360822365718
649
72.5002345464882
650
69.08774429672164
651
70.15781850903323
652
74.59332898121667
653
68.42687265924461
654
70.1234247431749
655
70.94528536103365
656
73.1984579402369
657
71.3342225552885
658
79.97261888540797
659
73.51976520499677
660
73.03081742346227
661
80.80827088171671
662
79.11690986355238
663
70.9842469970899
664
71.73194909063285
665
71.12665498711719
666
64.16834569159913
667
64.65172160639267
668
61.840621348701355
669
55.83530373234241
670
56.18265720980332
671
53.904659733310524
672
55.32303326136025
673
57.670888609182924
674
57.43629430458865
675
56.41134902260078
676
58.19921219818796
677
61.61583353148761
678
61.319609315650595
679
59.219883025267166
680
69.55892104940358
681
64.65483074122432
682
66.2324163898827
683
65.97536269748313
684
68.3634670996604
685
64.96423944585848
686
74.93955638079215
687
73.70184558215107
688
73.5034713179483
689
78.22209026538852
690
84.90284206213873
691
75.41223323088481
692
76.8330758899628
693
77.36331630072787
694
78.15609125206463
695
72.36770143606215
696
67.3741409266334
697
65.14739375780297
698
69.15574015951869
699
67.80170764729439
700
64.60631134266097
701
60.07494373996678
702
63.30665662523255
703
63.124135520212974
704
61.230154579229165
705
63.653019270959945
706
67.3155924588068
707
70.0599847566465
708
74.84610134523642
709
81.661689976444
710
82.78855436504311
711
91.75482830223274
712
95.9049438084277
713
97.97538917001232
714
118.83851879226852
715
144.83401274346556
716
142.1734192769739
717
134.2030158179756
718
127.41207962069859
719
122.55452348813158
720
81.71393870647772
721
80.1110090971232
722
63.202023259804506
723
59.81868711358836
724
58.75890009986235
725
56.458805227344506
726
57.88697232602604
727
59.49447826732285
728
62.24090727110035
729
62.586411906945905
730
64.71491957733795
731
64.06692569238383
732
68.05959004398649
733
70.59211441862672
734
67.71434993142645
735
66.77779918156436
736
61.92639644844815
737
76.4870604313912
738
82.1328292727351
739
86.1577513839571
740
98.80936079838555
741
107.10949911827716
742
94.17340676980055
743
108.47873614543863
744
133.05725346470797
745
127.89926880085895
746
152.00107799910415
747
151.50277006594797
748
157.88403157560404
749
162.51908934322364
750
135.27102207908868
751
124.7908961809766
752
125.8193314107425
753
106.52010657953932
754
88.63136289594277
755
82.3951650479358
756
98.83638376245675
757
77.0585250358044
758
90.30833815510815
759
96.00135517020557
760
130.38738498152495
761
116.78180069408116
762
91.28670713106249
763
100.61892139599651
764
106.35535201731457
765
112.5310477381421
766
104.06709237146431
767
117.2936823309441
768
99.89116940321185
769
108.36305543016661
770
111.71917875023648
771
109.64803320515898
772
92.77969241598474
773
74.2753089799025
774
78.07933722896814
775
69.97852746219804
776
66.36731358173917
777
64.7767162252574
778
72.9768228052375
779
67.22015500530303
780
74.55161121412198
781
81.44901000923697
782
74.90302318548629
783
81.2525163881816
784
67.1317782876412
785
69.97196759275323
786
65.21725727571742
787
73.58385637742226
788
80.90979238615655
789
62.13171382249251
790
75.88983163505135
791
71.03238909496197
792
73.80143455917715
793
83.70116393307421
794
84.79729030985122
795
98.38582658029267
796
81.45722127104699
797
96.42501937111706
798
86.49093353322293
799
95.48464274944844
800
94.98824118183525
801
82.91127147382475
802
106.44405343922745
803
110.95419941993622
804
104.41001756238566
805
104.24212187045053
806
98.68462238766664
807
111.07344600541484
808
99.02240463716707
809
79.58374446628517
810
90.14406377352697
811
98.79021342107019
812
111.13740786761772
813
94.0119934663718
814
85.26953761424328
815
76.10001624886634
816
66.99650842254734
817
84.057103260828
818
68.37815734297443
819
70.37061830115154
820
64.00581560273397
821
66.30323786680405
822
63.45122284559911
823
62.582895811143985
824
68.55128350050708
825
70.677124255591
826
69.17319114595004
827
80.54495813137966
828
97.73309624652043
829
111.64752227456047
830
125.57640789086705
831
178.5661953705503
832
174.32044910183927
833
187.11037986423753
834
179.96043439867572
835
178.69622221157977
836
174.87187308781768
837
173.22224682012268
838
147.1021258677676
839
154.6281157286847
840
156.69223752705273
841
137.80199795607794
842
114.84624852031196
843
124.61348446949911
844
116.33986705147477
845
101.74471625783252
846
93.37542127128796
847
95.75442048381993
848
72.24818184053737
849
71.4418295653181
850
83.95086964077535
851
66.86694903871943
852
79.3779845310398
853
104.275208242496
854
118.36693917970256
855
138.28673897265924
856
167.29432075574195
857
190.94846979666175
858
190.47340814822277
859
196.65100940350095
860
192.86327155421017
861
203.82736999262244
862
178.9875611219501
863
181.4591548392183
864
195.0379125861818
865
143.13349644978604
866
117.44026794781716
867
130.9362294223456
868
111.83575867606683
869
96.25024947549244
870
74.63846557609705
871
92.60115434857958
872
83.8835108580256
873
74.22043390274814
874
73.64290047062201
875
82.68178206863408
876
91.5406463974079
877
85.54081272558763
878
86.08012028127199
879
78.3329248406419
880
86.24907122595867
881
80.98088005445379
882
78.76917159085343
883
86.42077219147957
884
89.10926482695609
885
85.13231032224392
886
82.91095183087792
887
89.46282466644674
888
91.47733460526933
889
80.6239325401984
890
93.30877255609394
891
88.25222441256605
892
110.07634627421605
893
121.6359301940433
894
165.79246421633644
895
179.31248847632332
896
192.18810838262723
897
195.97883260821334
898
195.973933031433
899
198.62882282379132
900
202.86198808076279
901
192.3606826759713
902
175.14679394518808
903
140.69233238952953
904
134.55342789802077
905
103.13564185765075
906
79.53493972596013
907
66.00616274205962
908
68.02152852322857
909
63.9682391902631
910
59.816019784564354
911
69.13767378455165
912
65.35353691929762
913
64.44704644222438
914
67.42217160158609
915
70.9980836309151
916
76.67212834217631
917
84.41497381814175
918
91.72110240765804
919
112.27094016975784
920
135.77559439892985
921
151.06852707954866
922
174.78332030401984
923
170.4699174440187
924
179.30070367457125
925
186.60819703861912
926
178.4891893641099
927
162.9366037080782
928
160.96720430277944
929
145.00815285822404
930
133.9071473931566
931
118.4114971411105
932
103.26332324281566
933
103.86850391353128
934
102.58731432607159
935
90.05286703463966
936
78.44063575454251
937
84.26187906936487
938
86.22064815007342
939
95.99655334744634
940
94.44419985130382
941
77.70724514026432
942
78.83619957480853
943
78.53873327671363
944
76.42632729081507
945
90.83091593878763
946
76.12913972279746
947
89.36372669780589
948
81.92633861895737
949
83.00454017652315
950
106.94083362880801
951
109.71679078136528
952
122.56281846797312
953
144.62057359703385
954
157.97221324506245
955
160.50663982177593
956
172.80509187900597
957
176.08070632225215
958
170.08753539856505
959
177.80903952211239
960
174.44878346924435
961
147.21006606003252
962
156.3501998792489
963
153.95840740823144
964
151.23703928062054
965
135.5404275506433
966
124.32217677214493
967
115.8564177986629
968
103.7466306030314
969
114.57301752429315
970
118.38071250345175
971
124.8503040197543
972
134.1216633102681
973
139.79158568622486
974
155.81390384343246
975
169.64673090507094
976
168.75835873968327
977
175.4702331124682
978
191.52953411366926
979
194.41700046135128
980
192.8420123400479
981
190.92358032550706
982
193.9828978908717
983
189.59015618793083
984
179.7717255221474
985
188.98962519697596
986
181.79087065059392
987
172.07249981752508
988
161.21574120444222
989
168.82792114832324
990
148.70353076011887
991
159.7646012592772
992
173.2365386389601
993
149.23235889676158
994
165.14504387180122
995
158.607990536734
996
160.32160438800514
997
156.2302541195747
998
180.27658408612848
999
191.6923876024006
1000
190.8611769728282
1001
191.75763118170093
1002
186.68455277081412
1003
198.31628589245304
1004
179.087707981969
1005
194.16007922204207
1006
181.33553324667358
1007
161.09424666778082
1008
159.69973485209798
1009
140.53784972366225
1010
149.64174233548752
1011
151.7569682303772
1012
157.4907714545282
1013
176.0995168855232
1014
172.74541506086817
1015
187.3070497954061
1016
185.81632773304645
1017
188.94749177304817
1018
190.1862826777234
1019
188.07195614064253
1020
185.2513942243329
1021
183.9456063678749
1022
183.44857118453405
1023
177.12709057707255
1024
174.0224102440125
1025
169.41368777906743
1026
157.4290215606924
1027
171.77159094973806
1028
171.86583666297818
1029
183.15148091615387
1030
178.58011136613663
1031
186.98628659582363
1032
174.5643285807722
1033
182.65250660734532
1034
181.87453689272124
1035
175.54504753375056
1036
181.8199956580248
1037
176.08969154211525
1038
178.53263712645332
1039
188.07632924869802
1040
177.86019845603803
1041
182.68892933442362
1042
188.4023914902738
1043
180.87690273872306
1044
189.0242233819237
1045
187.10501133436236
1046
185.23482510198363
1047
191.51255706934703
1048
186.48477232076502
1049
186.96342841532277
1050
185.51841431997906
1051
183.14289099522065
1052
190.65006476851525
1053
176.24134859618542
1054
169.30957917213237
1055
142.3596478120651
1056
115.53881476959509
1057
90.08485308981943
1058
107.91550177357013
1059
110.64090805795955
1060
105.81218291706467
1061
123.58601935676408
1062
151.11162888814914
1063
176.13539184248566
1064
173.48851392071765
1065
188.1850018245037
1066
193.34334089672694
1067
193.75575876576957
1068
187.79156265971392
1069
181.76779573233623
1070
186.90565937817544
1071
166.34276880829606
1072
165.6458964809616
1073
135.66648942454734
1074
170.255900583175
1075
162.28766608148163
1076
161.83953411138586
1077
170.09178062493146
1078
184.62581824467964
1079
190.44316438944068
1080
186.16637971100752
1081
189.68294650946177
1082
191.08003883183352
1083
194.37197736954116
1084
195.76030749803977
1085
194.90596652552495
1086
192.59946828134863
1087
190.01012879872255
1088
192.5344646816057
1089
179.25660629617357
1090
175.03008522098926
1091
172.2579071781936
1092
152.80514392106966
1093
145.63218999552058
1094
156.67226595066046
1095
148.39618933184488
1096
149.90656284166383
1097
148.710050864442
1098
109.63152272358835
1099
107.55029509385221
1100
112.881771997058
1101
101.16254221420195
1102
111.62590342608601
1103
126.41068610918437
1104
151.72160340459803
1105
136.35908109357314
1106
170.10646799496337
1107
141.48284791150866
1108
189.25365549939218
1109
147.5453520158318
1110
186.43076784758904
1111
176.37564909965775
1112
177.09935781506135
1113
171.9375969224918
1114
163.47367219618388
1115
176.62861784743635
1116
166.6004391426115
1117
158.45230962870912
1118
150.00030862507867
1119
147.71149384719766
1120
127.15220187597969
1121
118.76826655511324
1122
110.40620287326821
1123
110.98870015787938
1124
83.75823099877796
1125
89.73109112503766
1126
100.31287269110807
1127
110.3274790326547
1128
116.69195793659355
1129
137.88110672975571
1130
169.22759663268684
1131
177.4941726800005
1132
185.7994127044269
1133
183.72009914780247
1134
184.47594014246047
1135
185.53139889807036
1136
187.80326330777717
1137
188.37692553961975
1138
189.4344876381004
1139
183.03555399603522
1140
160.98490370898313
1141
174.2292480756957
1142
151.92555542466636
1143
113.01696427793944
1144
114.3547779291885
1439
138.88059237411258
1440
147.3757211288809
1441
147.74167210528452
1442
174.7208422013707
1443
167.88091805257858
1444
174.94038502933194
1445
187.66365413833648
1446
186.4557476938372
1447
185.17412081935188
1448
187.41445506265893
1449
176.6364299275108
1450
187.22558292492903
1451
192.3214477206567
1452
181.32485660280278
1453
161.51399266012086
1454
171.8545845518594
1455
156.697899886708
1456
142.73461328390516
1457
160.800232019691
1458
153.64148368744958
1459
144.29903726454216
1460
154.92507612246607
1461
152.845619310273
1462
167.3577669848069
1463
171.46441296542056
1464
163.9445284147394
1465
171.45572386993692
1466
183.35227916193574
1467
181.10888947755464
1468
181.38880667689997
1469
186.89295713947567
1470
181.25865627028466
1471
176.78092011934552
1472
168.500570878578
1473
162.79118093111828
1474
154.01729011298022
1475
137.3274806294614
1476
148.22064386167563
1477
156.74526579040082
1478
168.02991765918514
1479
160.990799651751
1480
178.45912462038973
1481
175.94946738073114
1482
181.95743538568772
1483
186.53824275444018
1484
169.07524994566657
1485
174.80658717402017
1486
160.10441580013395
1487
150.80427779666618
1488
133.17462122518162
1489
133.90799012455858
1490
125.11050320855487
1491
110.98941702206956
1492
122.704512388953
1493
98.36216637111158
1494
95.88170107049324
1495
102.47987002876519
1496
103.27481413021613
1497
99.1621811707916
1498
83.61797788017226
1499
90.37778281338147
1500
86.1661760141771
1501
75.34091848299842
1502
93.31022576855918
1503
123.57239549885439
1504
123.61840448662561
1505
152.8820006626862
1506
169.82445122762303
1507
172.39680721232028
1508
178.48948972480648
1509
167.87653014045605
1510
194.75245936743173
1511
190.5153885320319
1512
193.93756626232286
1513
195.58157431423527
1514
193.74504640612645
1515
187.987572123611
1516
180.92271473755784
1517
184.53372640130073
1518
180.50168087814947
1519
178.84316206767696
1520
165.25002011788465
1521
156.80963459299022
1522
131.91536395158954
1523
115.81079598867709
1524
93.73746962019021
1525
98.31247337159513
1526
86.61566657943739
1527
89.27914042045123
1528
94.59793464824878
1529
86.99227912168168
1530
105.51119844442867
1531
132.65279610838888
1532
160.8137368666743
1533
167.22699905596735
1534
170.5257937151492
1535
181.31174548827676
1536
189.47395022902887
1537
190.76016693615423
1538
188.42426157761417
1539
189.0885464682921
1540
188.5444854785634
1541
187.91450352810455
1542
191.07781892976652
1543
184.35755718814133
1544
186.40452321799037
1545
181.8249446240802
1546
178.2126177257693
1547
175.65662215206356
1548
173.6714824880417
1549
157.96748613194657
1550
158.28843863358478
1551
154.83743425948103
1552
140.81803916924582
1553
158.0836730939395
1554
157.65795794375472
1555
163.68739516148318
1556
162.29805856698252
1557
178.95491197936883
1558
174.62231434922325
1559
192.13912171554222
1560
197.95599093693755
1561
210.5503779757573
1562
182.815187342606
1563
185.20144202604033
1564
157.05941647741284
1565
153.376292251018
1566
133.8910164781058
1567
129.04506258447236
1568
131.20444412006722
1569
144.1289796338428
1570
138.28956946942046
1571
173.95152199508556
1572
166.14510661482672
1573
148.79954114252837
1574
139.73919829256303
1575
125.106518804578
1576
102.40081559392021
1577
90.03577594603554
1578
87.03545127060261
1579
83.03349539192602
1580
70.1078006272877
1581
90.39080383040621
1582
70.8787677921664
1583
87.18692973807738
1584
105.47114196558503
1585
104.54598085974354
1586
139.49209121269675
1587
143.02658001065285
1588
158.25058218396433
1589
175.71583376347002
1590
172.4424476894105
1591
176.18829329204397
1592
176.17136510455336
1593
177.13497432534507
1594
177.60502636984563
1595
177.54620116699175
1596
178.38486188311276
1597
179.45465647793708
1598
179.66624590974595
1599
180.97481602652715
1600
181.50085238973597
1601
180.17368164346814
1602
180.79668373865732
1603
181.09987739810526
1604
178.0757202080798
1605
181.79756433542602
1606
179.89981380428807
1607
178.9514823449131
1608
180.62387086622846
1609
177.47331130838842
1610
178.0763720523438
1611
177.21524318308022
1612
180.17079518809334
1613
175.5798270596367
1614
170.59267687994597
1615
179.12942900954766
1616
180.97008324715543
1617
181.0309447420001
1618
183.94434460976595
1619
177.77560298594966
1620
175.31775193711167
1621
177.77060250237545
1622
171.55391563176948
1623
174.5850064472299
1624
163.2975907979384
1625
166.24030264781047
1626
162.5426590928037
1627
164.65630256372813
1628
157.5650377130053
1629
160.30815041088434
1630
171.0767738361086
1631
176.68879922108815
1632
181.43388805302246
1633
181.79889350330052
1634
182.16709996984
1635
181.83663862545637
1636
182.39911900870925
1637
183.5867711066771
1638
181.8497459038934
1639
180.49583841968442
1640
179.88307473755458
1641
181.83012683059206
1642
181.7155850040663
1643
181.75611461295526
1644
176.74742681259332
1645
175.38833397686238
1646
182.08545245719034
1647
172.71845869901708
1648
178.7708175615324
1649
162.55497296041736
1650
170.14612688930876
1651
171.8504274769934
1652
173.2559168981818
1653
182.36377953842
1654
177.84046463960647
1655
181.10581071893228
1656
175.69500120891533
1657
173.57941000943796
1658
133.2344172097672
1659
162.35249995857566
1660
141.23966736723062
1661
128.3198701313837
1662
119.46669876028677
1663
108.78624505700924
1664
112.58305808232173
1665
115.3936316688552
1666
100.05749149837249
1667
128.3811259893758
1668
110.27762200802363
1669
137.63174351025762
1670
140.1865252643809
1671
160.0918742314127
1672
152.4079010649391
1673
184.56769840885528
1674
179.91978342975042
1675
167.0446124629201
1676
187.09062600854304
1677
186.3173803713805
1678
170.58814534133958
1679
184.67749994202848
1680
187.43155217762174
1681
172.0122192205405
1682
174.12144537007094
1683
178.16897540105745
1684
179.78598171996748
1685
171.02931876632312
1686
158.60005545903837
1687
158.69922198199663
1688
151.9801894575016
1689
158.71173876812554
1690
135.31622669581677
1691
171.30021859357927
1692
182.0592802036569
1693
176.1110668311919
1694
184.4381982917959
1695
185.21023660474023
1696
183.41361504858847
1697
184.660714026611
1698
184.66516933723034
1699
183.16200473991887
1700
182.45420289335843
1701
183.51750317509203
1702
184.32642943452686
1703
180.0852237036004
1704
180.44030625370038
1705
181.60181260528796
1706
182.79197143821492
1707
186.1922794947252
1708
183.55298299010718
1709
186.67724085598317
1710
187.25522925170102
1711
184.2445691502294
1712
185.26733893294744
1713
183.76081732618775
1714
183.82381166453703
1715
182.6519712694936
1716
183.8893245502098
1717
184.5953664323376
1718
183.61730562602753
1719
180.45425962965777
1720
182.23598925062115
1721
179.9308783035241
1722
178.2989356968881
1723
169.88731633100747
1724
157.12944440807516
1725
160.84460496196272
1726
158.27144682632323
1727
157.0751028728069
1728
177.38917290412286
1729
176.2410327380601
1730
178.47754421444722
1731
179.51001530396738
1732
181.5582773934183
1733
179.6978409234308
1734
181.2536906069458
1735
180.70199262598376
1736
181.48348001799104
1737
181.6628847892241
1738
180.40214381781362
1739
181.33043237476178
1740
183.1380881446501
1741
181.75988087457478
1742
180.0004196591919
1743
182.83355428412509
1744
180.49890511283112
1745
179.81257637000806
1746
179.7888819353373
1747
180.71251790129543
1748
183.3602380869255
1749
180.12189512599326
1750
177.1238475706826
1751
166.1262425042949
1752
168.64913694884874
1753
150.4409592583764
1754
138.7967382983298
1755
151.54171112794828
1756
142.53393948829657
1757
131.7839395333011
1758
121.09522336462358
1759
124.68150733508782
1760
115.19049806660124
1761
147.7144137762292
1762
149.74396442418563
1763
160.40189937948972
1764
175.02704055879752
1765
163.76058708311427
1766
178.41300989705866
1767
185.37158750994283
1768
184.37601148276437
1769
187.8742845439857
1770
190.22980709646959
1771
188.45940415355295
1772
190.33447115890007
1773
187.41018255228977
1774
190.60779294883875
1775
186.78185053137085
1776
187.59089202659203
1777
188.42575791956074
1778
186.66429494007406
1779
187.00895228202313
1780
185.11415547929582
1781
183.55938579577898
1782
185.8033824597084
1783
183.93200890652383
1784
183.6867190478717
1785
181.39907762519277
1786
181.82567402618568
1787
182.29398352184901
1788
180.48111493950603
1789
180.63158346209747
1790
181.06962822189902
1791
180.84712218263846
1792
181.8552658792164
1793
180.5591919406415
1794
182.03483226942382
1795
174.72242969440495
1796
176.66905175385705
1797
178.2332748800339
1798
178.53080087905784
1799
179.77139458728428
1800
183.10244508936606
1801
180.39814556186337
1802
184.1580568574639
1803
177.24337197816396
1804
173.73404728755438
1805
184.3649801371848
1806
173.69038607598165
1807
171.15562957649848
1808
175.19825271858164
1809
176.75566025336673
1810
180.9643821756776
1811
177.72760476537184
1812
179.53945545948807
1813
176.49988355970166
1814
180.84414877839524
1815
178.42180750435406
1816
181.5913315765034
1817
182.52183089018882
1818
181.93977717973195
1819
182.21488590174212
1820
180.6145811684255
1821
181.080750470179
1822
178.19742170901446
1823
181.7157286881684
1824
183.71902287679643
1825
181.400895861721
1826
181.7335393659998
1827
181.0574707217139
1828
183.55625002262448
1829
181.2104067189298
1830
180.239904693256
1831
176.30108590978284
1832
176.88725125344405
1833
179.76047810987535
1834
180.33882556911468
1835
179.1845794987319
1836
177.9271272492663
1837
177.72695817952626
1838
177.31322274632294
1839
177.75579003891357
1840
178.54825900454532
1841
177.7751504279305
1842
179.2392839768459
1843
179.88768625756097
1844
182.28934046308288
1845
175.5741038684541
1846
182.37475992689693
1847
182.75077764665545
1848
183.3527957550376
1849
181.80342907177155
1850
174.11456727079704
1851
164.03877815622104
1852
162.2908951987312
1853
138.8322530484406
1854
119.90178498266624
1855
111.18955090566672
1856
114.70388079601095
1857
86.33698199147896
1858
94.67104920557749
1859
98.91453536066871
1860
103.4227830829687
1861
114.3877181507305
1862
136.7765701531039
1863
141.4922771024977
1864
153.43910058833748
1865
171.26590439883387
1866
162.17957046300342
1867
176.94073183978333
1868
173.8524424002758
1869
179.96510364873365
1870
181.4122415338572
1871
180.89173340012871
1872
181.3680199733163
1873
180.00323376055007
1874
180.42306299370543
1875
182.9288132602509
1876
180.9075627766566
1877
182.5925672243496
1878
181.43191053695196
1879
181.33482692592918
1880
180.38060503031815
1881
182.45977680649165
1882
183.10311179424278
1883
178.72368270223907
1884
174.04529350973294
1885
181.81578705449533
1886
177.7253110655777
1887
177.32110456672206
1888
173.32477503102749
1889
169.857934279458
1890
169.76828786264562
1891
142.1567052401148
1892
143.93057638459882
1893
155.01268137141605
1894
140.64563063492406
1895
159.20470545720312
1896
154.7666388369453
1897
173.43475702859658
1898
178.4916644030285
1899
175.6783443104816
1900
182.29572993412614
1901
184.37798223449926
1902
178.56799169434902
1903
187.15579865652768
1904
178.23642369302962
1905
183.9667428348473
1906
184.2540411882314
1907
182.4348540999831
1908
182.17028006737092
1909
182.12412960280568
1910
182.21693267552962
1911
183.27018450049695
1912
181.83928828108415
1913
180.5301704454886
1914
181.19575849180669
1915
181.0039041798073
1916
182.07580753544536
1917
181.41488616169357
1918
182.06056733494
1919
181.53824977819684
1920
177.0244322615729
1921
180.79682217658936
1922
181.33831312945313
1923
173.3674148581417
1924
184.23230970639437
1925
175.23268403325213
1926
171.4741655356692
1927
172.52255949823422
1928
174.2771333349786
1929
170.58064460574278
1930
169.47862295799817
1931
173.4643140781638
1932
155.97740510605783
1933
169.76865165149206
1934
177.28557198868234
1935
172.8236069941422
1936
181.16924770612115
1937
177.19742936860743
1938
179.10035949427876
1939
177.90648428563154
1940
180.4113690004379
1941
178.86407820540018
1942
178.27947429710818
1943
178.89252564750092
1944
179.13257583232658
1945
178.88273162075143
1946
178.71876684471172
1947
181.03685458690222
1948
181.86885105362657
1949
181.12146279693755
1950
181.57096174767966
1951
169.77084265545113
1952
175.5424740388608
1953
172.21159756964272
1954
162.51114761677312
1955
174.92272121988395
1956
183.5606052409232
1957
182.09209129578377
1958
182.24395413409547
1959
181.00649376830543
1960
180.6020691304947
1961
180.95778971240534
1962
189.98602083156925
1963
177.2332116841756
1964
184.31261767883288
1965
193.76467854177534
1966
184.79732460790058
1967
190.98239922085162
1968
188.4467990895352
1969
189.67517365432045
1970
183.51209970586785
1971
185.49410813428355
1972
175.47045364354233
1973
178.29475849134914
1974
178.25051333435576
1975
177.78197101963667
1976
170.20767241446714
1977
156.20108522179922
1978
142.94991060362622
1979
135.70754834652453
1980
155.36498968740412
1981
163.60593693654047
1982
180.89880207766046
1983
181.28771922166848
1984
185.8195256752233
1985
189.4199838541909
1986
184.5124747038282
1987
190.72437671244222
1988
189.25562838729235
1989
189.98760436551902
1990
194.9587797961536
1991
187.95108376605802
1992
192.92605207318812
1993
184.59937431997815
1994
179.40726119497137
1995
189.28927941906468
1996
186.47519477405405
1997
182.09535122235798
1998
172.60242133360381
1999
184.92647700837716
2000
186.5589877623079
2001
185.310785793875
2002
175.9008906076465
2003
163.40025416802774
2004
170.5964711332426
2005
166.1589759188377
2006
168.19979316836807
2007
173.3626717354742
2008
158.38042895181604
2009
161.96497291422784
2010
155.79572487083797
2011
166.0536747175678
2012
177.6656065592454
2013
180.60491016911516
2014
180.77955628227863
2015
181.9174539771261
2016
182.13915834439723
2017
180.7191975190719
2018
181.92571665592507
2019
180.49932849987175
2020
177.1286783915104
2021
177.33439260029084
2022
170.6037656553282
2023
167.5303713850588
2024
152.70934583823632
2025
151.76208628298212
2026
128.1565808255104
2027
105.7352122561613
2028
121.83907378959606
2029
120.86803825813219
2030
150.82729561358775
2031
142.96539699888623
2032
150.0334013295929
2033
165.32020245371478
2034
178.85632537330392
2035
180.54439585814794
2036
181.16948633359675
2037
181.1690457705768
2038
181.5245547429451
2039
182.8017802944725
2040
185.6223717521091
2041
183.80071250583964
2042
184.91763047494652
2043
183.88587567704644
2044
183.3439188031148
2045
181.89742975272145
2046
181.85885769952066
2047
184.22403799461154
2048
186.13358565604813
2049
183.58802551603836
2050
184.29107351866088
2051
179.3703564903893
2052
180.68360869454003
2053
184.36192840064746
2054
182.7898427300493
2055
184.78439600387784
2056
184.02590741878745
2057
173.75682373795829
2058
151.11990541589196
2059
171.23004317119273
2060
176.89024848362936
2061
170.10585956246757
2062
180.40776399411993
2063
180.15505845057817
2064
185.00093957477935
2065
185.65431773388585
2066
184.96138268365104
2067
186.62902368713026
2068
176.85779209469624
2069
186.88032044484424
2070
186.21546573481632
2071
182.07963721410397
2072
186.56315703941644
2073
184.92476929206325
2074
184.9699513212259
2075
182.60812744594767
2076
181.5962149593774
2077
185.0780900692472
2078
178.23441738747835
2079
178.34826786623302
2080
176.8669819282554
2081
164.036807205574
2082
170.76643348812894
2083
176.35857399113044
2084
162.66519603936834
2085
157.81749348958428
2086
146.04569200390688
2087
156.52242830166418
2088
152.23122933371417
2089
151.95633846813763
2090
149.37439157968046
2091
156.52903720883387
2092
164.19397000396006
2093
171.6726428042273
2094
168.8181242001928
2095
177.4002855997162
2096
174.77374426211944
2097
185.80120804410058
2098
184.96007938065145
2099
181.5650765271683
2100
186.8465159232748
2101
186.02785817599667
2102
184.9446614053563
2103
184.5235515678274
2104
185.015100325069
2105
184.48634871643586
2106
188.33604007271566
2107
181.21005859766572
2108
180.08811965650997
2109
182.69641101909
2110
183.249574533577
2111
183.03497339348948
2112
182.4767906767519
2113
182.13776008935028
2114
180.75090652042394
2115
180.99596310553326
2116
175.96992312720957
2117
176.13938577588067
2118
167.8410178831967
2119
180.38068499899202
2120
171.74732816532287
2121
169.3111645246195
2122
165.6948315150757
2123
149.8353251969267
2124
171.89680004814406
2125
163.1492014108554
2126
172.6483298428827
2127
166.80073497201184
2128
167.6369824863004
2129
175.74820803934122
2130
174.3487758346092
2131
177.83091546093883
2132
182.41643405125308
2133
181.79434568677286
2134
180.9891894629843
2135
181.24154752205763
2136
178.5747905782899
2137
180.44057804199875
2138
181.24847306614168
2139
181.789433664974
2140
183.00040956954285
2141
182.43281144697744
2142
183.27224822373304
2143
181.45949557093803
2144
184.0778785832055
2145
181.0560824810795
2146
185.01092774987183
2147
184.19397149175305
2148
183.31188963616128
2149
187.9431676280124
2150
183.43193123185856
2151
186.59860310436204
2152
187.10842054065336
2153
188.54942089400595
2154
185.40135005936796
2155
183.59285102379528
2156
184.64932864785627
2157
186.4257979527257
2158
184.5665861860585
2159
182.1626086634665
2160
181.09033671368434
2161
180.3074374604928
2162
179.02316848611113
2163
179.21692606388942
2164
173.78363158887893
2165
179.16967012501374
2166
177.80203030531442
2167
181.63305097379444
2168
180.6048562843924
2169
174.1021833333227
2170
177.0444127589396
2171
167.5222665280134
2172
171.2329487408352
2173
178.89395306533393
2174
175.7598251699559
2175
182.0671524956239
2176
188.11909884648136
2177
182.7149043733059
2178
186.82240894694297
2179
190.79923450250666
2180
186.1181089122034
2181
189.5596782436938
2182
186.2482932314427
2183
188.5523182120488
2184
185.9764959899477
2185
186.45674127481516
2186
186.93185585551157
2187
185.91328971605046
2188
184.4089949664173
2189
184.23950995861387
2190
182.63787162391645
2191
180.4460399723735
2192
182.78972865811906
2193
182.76376606837042
2194
182.3639600096389
2195
183.97696247588675
2196
172.44194886744438
2197
168.58686030164944
2198
172.24841934154446
2199
175.87024472071184
2200
170.34256992211496
2201
183.8595984659085
2202
174.44600938809913
2203
177.26878101749904
2204
181.28142325295178
2205
177.8070360487543
2206
182.54668842034104
2207
183.18556885979862
2208
186.87991547952163
2209
189.4540983478581
2210
188.07278576050754
2211
188.71153982341968
2212
188.80246893814106
2213
184.39830363490378
2214
187.16762909925572
2215
185.61409578964592
2216
185.88209324716203
2217
184.3844261702919
2218
186.71049686958398
2219
186.35358821088158
2220
185.77293654045604
2221
184.94335986387875
2222
180.07951881113198
2223
180.3440537886204
2224
177.77858050928415
2225
183.89634433998484
2226
189.20157869838667
2227
185.90936947132266
2228
186.92396374814237
2229
186.67636495390693
2230
173.93350654638323
2231
185.3462943339227
2232
167.96782907872145
2233
181.25684381261277
2234
174.983609276627
2235
172.87880797326258
2236
178.1524430490732
2237
176.54431716588547
2238
173.49878937736943
2239
176.0767804497368
2240
175.03144555186594
2241
178.00448221857
2242
192.3660028742852
2243
187.65427098058674
2244
194.24083531557073
2245
191.43163949664046
2246
188.40882799262607
2247
186.95649612445126
2248
191.92592544061685
2249
186.3308193314324
2250
187.72896036636752
2251
183.57371801565264
2252
184.66827505737783
2253
193.29895504408938
2254
194.8593965119414
2255
187.45850215563127
2256
190.07910331165786
2257
190.3508957457634
2258
187.5724074440149
2259
183.17963048478364
2260
186.457683660635
2261
191.96475887708064
2262
189.13799364261288
2263
178.39750451872885
2264
188.4296907594654
2265
192.06565774220522
2266
164.0925349736059
2267
182.0851399276548
2268
178.70837347844912
2269
176.08913997011186
2270
173.410251023041
2271
172.6927485537101
2272
178.67806643218927
2273
188.9220890313588
2274
174.3947608688053
2275
192.90879675225742
2276
194.9906307929025
2277
180.12878049405404
2278
180.4049382181647
2279
191.62008116078056
2280
181.77128828474963
2281
196.1489041842317
2282
191.9199017076942
2283
198.3257346404914
2284
188.6387175694977
2285
202.66206748651118
2286
186.35379059244943
2287
183.7617881606798
2288
188.5928271430415
2289
194.00146703195415
2290
198.70801513983494
2291
202.64136564046737
2292
197.3344783883705
2293
200.1241207267259
2294
198.83823022184347
2295
202.76723634638938
2296
189.37028412787856
2297
191.5097078672538
2298
191.15469316851124
2299
185.31980529785824
2300
186.5818608866688
2301
189.6278265513896
2302
188.0153288050958
2303
188.9622979583686
2304
189.60518901116487
2305
191.90142208675388
2306
189.81706045945174
2307
193.4437825416015
2308
182.6308406667814
2309
191.36156145806913
2310
184.17529138402338
2311
159.8626420972376
2312
179.00782931044913
2313
178.94898665420772
2314
185.58193059141288
2315
191.98556344611217
2316
189.21863979807995
2317
198.36883055904653
2318
191.94352049940105
2319
207.63303273815166
2320
215.72329772385316
2321
225.78610997863652
2322
225.69941182956663
2323
235.27639240900825
2324
243.6449655007598
2325
238.58825095078186
2326
229.0901695434363
2327
218.76629864164056
2328
219.7133254648803
2329
211.8266727198872
2330
209.91175921120634
2331
170.59221913755084
2332
168.51911308484532
2333
161.63457342465614
2334
137.72249632106445
2335
131.97988013196655
2336
106.88454960514929
2337
105.79879553874859
2338
106.25601216874108
2339
93.97770566551524
2340
93.6875349473214
2341
113.2874520238638
2342
84.27410636522114
2343
96.02635326435733
2344
112.85422758805646
2345
123.68655366703058
2346
112.89032314058304
2347
144.11716161182187
2348
163.103118385402
2349
177.99613434902145
2350
203.94104330107916
2351
194.61911782711542
2352
199.75657440959827
2353
195.4681406415061
2354
199.0510365265586
2355
195.72285233049962
2356
197.1609880276887
2357
196.12540416760632
2358
200.176502462079
2359
201.03277607929536
2360
203.14618574658851
2361
221.72482889889298
2362
213.93791592807108
2363
215.82759242513822
2364
227.90569242201053
2365
214.77578944834622
2366
219.5906239669478
2367
226.96479563921417
2368
233.2518335354785
2369
225.03927486509744
2370
213.14326128199858
2371
200.91468718845124
2372
197.80736730113944
2373
182.3492262416827
2374
180.15158922595683
2375
191.91880338973732
2376
172.0299566746577
2377
185.3476962163372
2378
157.71314075988712
2379
177.73819082694777
2380
170.31437765974573
2381
154.77851016312096
2382
164.5943615881665
2383
162.09340512241099
2384
164.36667766496785
2385
138.66030343885296
2386
182.04900395052516
2387
177.98677796645435
2388
178.19425537162732
2389
165.12076183854234
2390
185.6508375993143
2391
204.5977565089412
2392
214.1563760160872
2393
197.2530506861917
2394
228.00416236211933
2395
237.43897849875074
2396
232.8860439644399
2397
253.27805838012088
2398
248.59017830300175
2399
246.73052572177053
2400
248.29292974973174
2401
249.04075199756602
2402
237.06628655205213
2403
234.88615814736875
2404
226.70708579763925
2405
238.44754980628147
2406
215.22786332048443
2407
206.41972121521428
2408
189.75020759350184
2409
180.60587444572297
2410
180.59740203807374
2411
195.84615780207736
2412
181.15344624388732
2413
183.57074271336666
2414
185.29015072987093
2415
176.970785946435
2416
181.7292664056329
2417
177.7602248684289
2418
196.91684144263616
2419
207.695755910341
2420
209.33569777137185
2421
227.58723335559495
2422
235.6440806726672
2423
235.91516798719027
2424
237.79502826042764
2425
231.41894903218673
2426
247.41724656925706
2427
240.22905323981172
2428
252.76594714070612
2429
233.04890550112415
2430
247.38550529459573
2431
280.6284881836283
2432
253.99893717677628
2433
264.5160726881179
2434
273.12448154297385
2435
271.5620993122599
2436
263.22436894467006
2437
275.4086096287937
2438
254.15491850863154
