3
9.005882166964845
4
9.209536522170287
5
10.520812987037795
6
10.397908681224372
7
9.539658997281613
8
11.395819060953427
9
9.413270895567559
10
9.862310407837077
11
12.80854545729319
12
10.92595542703122
13
10.954795825633688
14
10.812257849905423
15
12.226405184423065
16
10.230105343325851
17
11.90779790864559
18
9.287453739439266
19
9.751773605081144
20
12.001696972740124
21
12.568851116532837
22
10.999041124534418
23
10.240050702413745
24
11.297435885764228
25
11.346563061834212
26
12.429080519131027
27
11.382141627573398
28
12.575497597097229
29
10.560496258197997
30
12.069984732060961
31
11.0271113040433
32
12.716423961164372
78
19.716588386914452
79
22.3205705672857
80
14.963655061056594
81
16.55920344306627
82
21.46432623540977
83
18.573633931674944
84
18.341253882037297
85
16.485468279268463
86
14.51256598227867
87
17.299395051174695
88
16.95135530395264
89
15.684100366006957
90
15.002677165186451
91
20.704726732940376
92
16.1904279448405
93
17.25661633258754
94
14.897335387980247
95
16.547849816608764
96
12.800428422468542
97
18.165899108632303
98
15.833002500150663
99
20.97615982098789
100
17.831454270854792
101
15.66810062407288
102
15.303300068130898
103
15.630848677130185
104
18.546090793254262
105
15.590032847034035
106
12.565951956619676
107
14.30130553662174
108
11.564407116081256
109
13.766027352155737
110
11.742587223691599
111
13.155185094346997
112
14.565521732604251
113
11.82393387607586
114
12.122298997074704
115
12.328810388505154
116
12.464359598750317
117
12.572300874309109
118
11.400463416761818
119
13.071189102972461
120
11.662182502391792
121
11.495104163125463
122
14.278705374449853
123
10.384900567591552
124
12.723754227741226
125
13.550767916136111
126
11.448383634674375
127
11.413072798010928
128
11.463106242482164
129
11.793854414573767
130
10.38847243830387
131
10.312424571156857
132
10.310093023816995
133
12.06920043051024
134
10.168227364222243
135
10.46369956649731
136
10.704692092335774
137
11.153294666080017
138
9.949882630034585
139
10.571559506771399
140
9.968661555405765
141
10.583748154076183
142
11.830116056195623
143
10.027587628916947
144
10.360758675938499
145
12.25185793920872
146
11.659296695003235
147
11.846897674738246
148
11.493555337385148
149
11.920934167461104
150
10.493755035027556
151
9.419541236593332
152
9.987052855699922
153
9.959559241250602
154
12.056100640620038
155
9.096826180799395
156
9.90434265593648
157
10.508566717325547
158
9.928014320682395
159
11.142907850611474
160
10.122311895822003
161
10.910194490616822
162
10.629730119897712
163
10.068352020158557
164
10.455497161376059
165
9.714255344846002
166
11.122775918883997
167
9.59966395415813
168
10.351949754092843
169
11.304971105054344
170
10.929910259007226
171
11.638049153494318
172
10.088184359226986
173
11.111577215926186
174
11.18046492123448
175
10.179967294575844
176
9.648708145820349
177
11.001659896610924
178
10.528544119603604
179
9.680004682570736
180
9.607572635162452
181
10.352927645350514
182
10.00571679120885
183
9.949285779781999
184
9.143275297696443
185
10.455452415546329
186
13.052674031986895
187
10.475126201956915
188
9.380710390293792
189
9.279041565611108
190
10.106945517946935
191
12.621372676978504
192
11.23489556898307
193
11.419345485934478
194
12.750908376906914
195
10.129680669880015
196
10.885894553563944
197
12.20134628546113
198
10.924554374774134
199
11.583938502390405
200
11.333686823383827
201
10.531663474612932
202
10.962937439242522
203
10.22955356591381
204
12.879266775084783
205
9.810108069052621
206
14.166083904875759
207
11.592345062597973
208
9.083662656676431
209
12.544099760207594
210
13.36444962900174
211
12.255506819481024
212
12.19646874681887
213
9.520511268249152
214
15.382185652898237
215
11.423597896116874
216
11.426165396938625
217
11.032947272324284
218
11.67388763904118
219
11.192629169041027
220
12.311921079264888
221
10.55516467384666
222
10.767134276390049
223
12.094900737211464
224
11.645076081844907
225
12.245118288611485
226
10.044473738521221
227
11.680730014858279
228
11.350495509669665
229
12.555478004996694
230
12.181479027949855
231
14.142492866403455
232
11.920410722404885
233
11.019292465522646
234
13.217962796859867
235
16.360575652372415
236
13.164438625444035
237
12.327575919768405
238
15.239425629554331
239
13.81873316641658
240
11.417253893068015
241
16.276418084559893
242
10.082256683836215
243
15.796151745870311
244
11.553312218054964
245
14.240829714898515
246
11.64518396484994
247
12.047520214304686
248
10.821835428873444
249
12.850735280513529
250
11.767496813829727
251
13.00114173744788
252
12.79986278319902
253
14.139970307874762
254
11.738088221100583
255
10.288893831957518
256
12.646844047132182
257
11.507306959105636
258
9.834618825210484
259
13.239458888715815
260
12.065681274705007
261
12.132074890374438
262
12.118797649472318
263
12.903721535277755
264
13.01623088670487
265
11.588397599448767
266
11.47836942066638
267
12.034067746148713
268
10.569515107876194
269
11.062248745363863
270
12.559298867817262
271
10.81790731324134
272
12.572324708387942
273
11.158221374016353
274
11.652762510901063
275
11.000055542098867
276
11.594342365761959
277
11.903761146155205
278
11.561341102068495
279
11.635960641297613
280
12.09687717880124
281
11.500648618444167
282
10.067748127259451
283
11.494309987713953
284
12.730021609649766
285
11.726252612164586
286
13.003035694909256
287
10.50011868410922
288
11.684111090332006
289
13.082050336069965
290
14.467756612592371
291
16.309367807033635
292
16.507186679282
293
14.33201115220704
294
18.816324496954323
295
15.492503522274271
296
12.66229597793627
297
12.913784740751165
298
14.63325913836371
299
12.705005328417847
300
11.006733525471674
301
12.018210166560268
302
13.341109392030326
303
16.365930532548987
304
13.327542784996309
305
15.635802053640703
306
10.744788128988011
307
11.828169451807556
308
15.234737348407167
309
9.35286586837399
310
9.660732691457863
311
14.070684501109755
312
13.019761063249614
313
10.37521771752481
314
14.130451492565987
315
13.712992621268107
316
12.190577732631144
317
10.405150727047777
318
10.62375671963654
319
11.704849305650143
320
10.852823785346596
321
14.68914326160309
322
11.534938933644904
323
11.571148858408531
324
11.571577644993072
325
8.75143917037463
326
13.808943743549976
327
12.089238845414508
328
9.870767398696902
329
13.209003052533784
330
9.288990872757855
331
10.081181780464634
332
10.508132782398265
333
11.701048799578885
334
10.795039782368852
335
9.686746256581994
336
11.575859961291412
337
11.65842817006238
338
14.83630285654354
339
12.929787040805454
340
15.020550874035585
341
18.31482795156846
342
18.369993999956375
343
20.84606073309466
344
15.028604891216531
345
23.265519361845097
346
22.35873248312141
347
24.594080573697884
348
19.38385147190728
349
18.548219845145933
350
24.878763319092297
351
21.787391007168257
352
21.70526573611139
353
17.401830055697687
354
16.546832501243117
355
16.556612897064536
356
15.262082681092528
357
12.791710741650425
358
11.579832386966464
359
17.40707457421157
360
18.055239788646542
361
19.092450132878376
362
14.295551717166976
363
12.467867203315734
364
14.856662402435713
365
14.535507657616826
366
18.04920159396261
367
18.670120182559387
368
15.00061558953694
369
16.987452783890788
370
17.22847684631873
371
17.485590797063725
372
17.429562204438337
373
16.07692329310353
374
14.238943951011706
375
12.861863154815905
376
14.393210213108642
377
12.158446948730582
378
17.309284805772414
379
13.574521647780935
380
14.183909613951055
381
14.058636870449064
382
14.420389628853073
383
13.03996147245803
384
12.836530082266277
385
13.020880238656785
386
14.059855757573102
387
15.22631761160076
388
12.177879697411399
389
16.151956977712036
390
13.348537344667303
391
14.443869129164419
392
13.122158376679407
393
13.503276383409336
394
14.026007359423524
395
13.804234388815315
396
13.788281167207945
397
13.405723984964393
398
14.250950800141
399
14.914575756019115
400
16.585957321763694
401
12.32393563599253
402
15.963355267358496
403
14.548939012531136
404
13.138854863821155
405
13.753213935615571
406
13.573130185436197
407
12.78287566228671
408
12.168219954596953
409
14.729155815187841
410
13.47070677539695
411
12.172437359978773
412
12.711524212566584
413
12.169109010943277
414
10.155991100290853
415
11.665099670498803
416
9.289333815935377
417
11.769524830357419
418
11.162074022442843
419
13.057534931941941
420
10.256318804200486
421
11.540561551231571
422
12.103251191366065
423
14.647972433368926
424
11.053223891808955
425
9.904746589178327
426
13.112204352099196
427
9.615704678859764
428
12.833035066189572
429
11.732284295465861
430
12.108803960382103
431
11.96412892240933
432
10.342359322117007
433
14.470719021958852
434
9.890545044156589
435
10.299753267408779
436
10.260344415360125
437
8.289623497916011
438
11.280619662857987
439
10.509035466405928
440
9.125288819436202
441
9.756221822446765
442
9.798778707654789
443
8.215941950933589
444
9.611601291421497
445
8.8823694595938
446
11.127261244964602
447
9.71315586497783
448
12.063182101787126
449
9.17304141134931
450
9.323607188053948
451
9.346969138798233
452
9.351036444218781
453
10.514197906746368
454
11.385674837327658
455
9.38433723658247
456
9.251766946363693
457
12.4890873444641
458
9.690741811282276
459
10.220370515127492
460
9.15986546102406
461
9.871943848094169
462
9.220209958920188
463
10.89413535857645
464
11.108253609464546
465
11.480390693923868
466
13.38941534678544
467
11.252291970807109
468
10.990198719412435
469
8.852238069102352
470
9.472523513541303
471
10.322674949565778
472
11.401958283887238
473
9.386386374851782
474
12.851073429809016
475
12.12762889573767
476
8.877531075786804
477
9.646421146720634
478
9.46861125516359
479
11.663086223918235
480
8.62351092391601
481
10.732307811030761
482
11.430954831021113
483
9.560284268450127
484
10.4178122457827
485
11.128409213661831
486
10.428995562021926
487
10.179656343631784
488
8.524475810643821
489
10.369936611958018
490
9.278769486619865
491
14.00114077407245
492
12.070789515501202
493
10.856001100312707
494
11.60655833604214
495
12.121858400589703
496
12.570273392043923
497
11.4966353860762
498
13.80486094232433
499
14.523748762048193
500
12.516883960617779
501
12.738500764468794
502
11.527545071035577
503
10.424180000832695
504
11.474087809625257
505
10.748315882001744
506
12.06003492566311
507
12.847534216563998
508
12.331201705543503
509
10.742139646878988
510
11.252040411379442
511
13.00803853647462
512
11.487556358416592
513
13.899744415531707
514
12.904772081174718
515
14.143013272878322
516
13.230099358289516
517
12.072639764941377
518
10.78372973473529
519
11.515778506157476
520
10.614092662920624
521
11.496139604187189
522
11.977764358252552
523
12.186742151931767
524
12.03368614289041
525
15.010099868478225
526
13.338588764946689
527
12.443019304388404
528
11.42429606908301
529
13.394789858925964
530
12.807005335321993
531
14.525926178838002
532
13.572645140663086
533
15.832462434597707
534
11.666213289178007
535
14.826068379500812
536
12.530924416179067
537
13.170105893519898
538
16.972097659766447
539
16.800369698889764
540
13.981922397384587
541
16.37204893749199
542
14.47777441666942
543
14.103059931977395
544
14.085634751047937
545
11.844119250311703
546
15.41237722271788
547
12.699087137125002
548
16.727395224427482
549
15.028765581220645
550
17.79002346470497
551
15.47898866316435
552
14.561787248176937
553
12.374286690783535
554
11.529606964810714
555
15.145145959259871
556
11.585586178715273
557
13.959565992148052
558
13.73849810364534
559
11.250604100140057
560
11.709204668314499
561
13.330178981174535
562
10.855846555414526
563
10.955371443195311
564
16.521929621469155
565
14.234422667279004
566
14.36307709313497
567
10.405942988650184
568
15.804991573641288
569
10.55923338691228
570
10.961663646114417
571
12.782701287076645
572
11.515820666965865
573
9.940237442438518
574
11.916242754109193
575
13.076916455966256
576
9.134154922785797
577
16.414055054316588
578
11.147634621956195
579
10.683205922697244
580
11.78796633012665
581
11.840185394741475
582
10.765939724252558
583
11.787773503072525
584
13.113640181473508
585
10.961717711839299
586
12.714410724709127
587
11.487729267065328
588
14.08151932440121
589
16.486857119624656
590
14.981330252233438
591
11.558201385727251
592
12.363499372486986
593
13.850120180369556
594
15.439090982531495
595
13.357721511589721
596
15.719631537840588
597
14.213781332256234
598
15.652663594999998
599
16.519951125954375
600
13.91779322138868
601
13.332318775714572
602
17.502799529437656
603
14.087488854308907
604
15.983048557502704
605
12.988835399072595
606
12.834903186601222
607
15.653766293372385
608
15.631465031878607
609
11.618438586066837
610
14.101655550285566
611
13.375403784570068
612
12.08107348715457
613
13.496200578968427
614
13.941474124304714
615
13.163483735715083
616
14.837764152577698
617
15.038556458684045
618
16.50262245384479
619
11.635194695791883
620
15.981830587307723
621
15.789063841893318
622
17.209947108147396
623
16.87644276864211
624
18.290919647616146
625
17.167422483606984
626
15.651467370429076
627
19.204974882200386
628
17.633524201904816
629
15.027181347158006
630
23.214834355611487
631
20.07227871820216
632
19.09928898666817
633
15.02579616345682
634
15.33828077201514
635
17.62159468339984
636
16.803885449557896
637
13.405947200416481
638
19.082494978868365
639
14.72836879918205
640
16.08118972976549
641
13.850940230032975
642
15.073348331151134
643
12.627837660184872
644
13.796753540788847
645
12.552185019120778
646
11.331950935475687
647
11.127620382971486
648
12.792729622501016
649
11.499003033287376
650
11.715075386214304
651
14.126809468329203
652
14.297812052947886
653
12.322239041456056
654
12.29628219937296
655
13.192536973870054
656
11.662764499549144
657
11.515139654628646
658
9.638107873606726
659
11.057154351388936
660
11.866564836718217
661
10.598119591051535
662
10.356110949590981
663
10.51029054237012
664
9.86014714129196
665
9.973409850915395
666
10.49206980483614
667
10.52146327732743
668
11.961636766543615
669
11.72589999585488
670
12.023953120345904
671
10.931916066516733
672
9.952768015060215
673
10.07489748889955
674
10.526916796705521
675
10.3322864402421
676
9.327683967936899
677
11.026518950445585
678
11.434473050456887
679
12.56105298348329
680
10.90055602961121
681
12.449405525563181
682
13.802065963533627
683
12.877514171191107
684
13.526636055825008
685
13.997970222167753
686
13.601090905257472
687
13.67172996569788
688
13.040146491157053
689
12.30077608848336
690
12.887418085608394
691
13.153527053785615
692
14.943145959217075
693
13.591877150613433
694
13.027870744460692
695
13.717795746532774
696
14.621188436540239
697
12.547794057387021
698
10.936947700013665
699
11.198009154431494
700
9.969415205728586
701
10.361341859814594
702
11.384607582674542
703
10.15878269557223
704
10.383067825990988
705
11.488285954722388
706
9.202872877941562
707
11.530998255842377
708
11.301604743893185
709
12.008726219395603
710
10.186935242386536
711
11.564298477272818
712
13.457120964023364
713
15.461786714378471
714
12.757499434376282
715
15.402333228515745
716
14.504851056730583
717
12.651776541799041
718
13.370188066924161
719
13.906765651398134
720
13.128837565863575
721
13.426933672207642
722
13.795423816455953
723
14.045660959768192
724
13.950012505081025
725
11.374565630108902
726
12.342918884560293
727
13.860576622069384
728
12.016528251681317
729
12.406353801636689
730
10.613660525592104
731
11.256198383404524
732
9.973776040949552
733
8.875939593641023
734
7.542280629112291
735
8.095097703148172
736
7.4385389610845944
737
7.352929822922613
738
6.834411977536746
739
7.510063589735678
740
6.134997467033589
741
6.479466019108142
742
5.7946672883724375
743
6.532130820345814
744
4.60107881934546
745
5.203387191765757
746
3.197560193171398
747
3.618137917218508
748
2.8581001489755677
749
3.194928348577967
750
2.0929889473729375
751
4.447784698306247
752
2.5715554615015277
753
2.9483465415913317
754
2.1820062084185383
755
2.303284552911656
756
2.4851597589424994
757
2.6634546465119624
758
2.566457073609602
759
3.551675779508587
760
2.164044153330374
761
3.289207235646107
762
1.9314282340422835
763
2.2659247771299347
764
1.9877024718004463
765
2.216216529953253
766
1.8281161925875014
767
3.5290677844716214
768
3.2950654602626726
769
1.3260960746688577
770
0.8713766370979589
771
2.1641661242799564
772
0.905908851399516
773
1.1081492074837014
774
0.6277773462354833
775
2.0208384125055363
776
1.3939496971285747
777
1.5828159400738542
778
1.6557736183777951
779
2.339095747634568
780
4.67264710787784
781
4.063963714669657
782
5.103755797879585
783
5.439798170630993
784
6.023932305737465
785
6.098432398354737
786
6.996832549508114
787
6.878042796689853
788
6.362629302268932
789
6.416788570338477
790
6.7061565548794855
791
6.152946731382177
792
7.027839340351041
793
6.500948129778752
794
6.448636136183171
795
5.940715525281163
796
7.443844851300381
797
6.740603414349296
798
6.16543878900217
799
6.304265710392563
800
5.722773344576847
801
5.820263566975047
802
5.5191708618765665
803
5.679459802057277
804
5.561704479564255
805
5.098882434784133
806
5.4688214715892
807
4.622073862459569
808
4.9831489109942275
809
5.248013799349955
810
5.290511888371625
811
5.158367036374566
812
5.015671674792747
813
4.790818037769666
814
4.702312221963986
815
5.032150402798071
816
4.99215670922766
817
5.2482890603321035
818
4.882204888220358
819
4.7530106617127155
820
5.127056280980246
821
4.934732476609801
822
4.845486073068904
823
5.247680345913853
824
4.916890298646057
825
5.523628749863621
826
5.40526953157347
827
5.618037271211756
828
5.19676167954684
829
4.936533143232549
830
4.880221299477273
831
5.0078815305269915
832
5.652901132021175
833
5.11617245020272
834
4.829478854209606
835
4.81984628655714
836
5.128124072040367
837
5.055569834846189
838
5.234664482216145
839
5.040617746311889
840
4.787559093162951
841
4.986669027183679
842
4.807230608283358
843
5.010969637529051
844
4.932901002124617
845
5.4486122785799225
846
5.415911193579345
847
5.1257391598038495
848
5.664654477410092
849
5.669320954855683
850
5.882967942141591
851
5.602632328914479
852
6.048619829708563
853
5.802317286606136
854
5.540272536554375
855
6.032402045887709
856
5.724827899890909
857
6.242078043544738
858
5.542563444925941
859
5.499764850404141
860
6.131520215844428
861
6.221835340965208
862
6.3005172561271445
863
5.911815104044396
864
6.123103901859304
865
6.274040327022132
866
6.584010914257982
867
6.86914532972546
868
7.0401886670674605
869
6.6495588635776945
870
6.760559741151488
871
6.713089529536247
872
6.971216528633554
873
7.231506529617023
874
6.669852646920707
875
6.810628850078401
876
7.691278425477437
877
8.055246296146992
878
7.359133315804588
879
7.512448331667699
880
7.093902486321608
881
6.880967067973068
882
7.622630804569787
883
7.225200029844464
884
7.113975327634942
885
7.027688485547246
886
7.207191494449865
887
7.440568207660603
888
7.2790326496995235
889
7.128656974004043
890
7.1013751283653965
891
7.370793726911978
892
6.953525122818175
893
7.36374374023695
894
6.402117993577553
895
7.162509564665819
896
6.666772596716391
897
6.652644946350081
898
6.813947458421202
899
7.404956874495737
900
6.37340705898875
901
6.893123854375129
902
6.9896196227638345
903
6.633015435107903
904
7.260844826626573
905
6.746491306972923
906
6.375192102196639
907
6.659266555604344
908
6.782444379171934
909
6.712301766089563
910
6.2549630846780415
911
6.495194703727658
912
6.8384615065327505
913
7.045911013579777
914
7.00419747974897
915
7.260219620686626
916
6.6998002222141295
917
6.923644447607453
918
6.606769272662933
919
6.491898482420737
920
6.607153475652496
921
7.036707450111068
922
6.757624264796863
923
6.789251002756651
924
6.9580866372743735
925
6.854978437993228
926
6.732600264558785
927
6.674544803498322
928
7.403802389116017
929
6.681145607967452
930
6.921427394723333
931
6.931286154951543
932
6.386504009775744
933
6.1991281238017155
934
7.020595990318304
935
6.717437975967432
936
6.534136661531402
937
7.312804633357479
938
6.775223360328402
939
6.734409571678349
940
6.3433959278183085
941
6.712471084944364
942
5.748727159371146
943
6.513323975741246
944
6.451631395290975
945
6.171977158378987
946
6.022023027480976
947
6.119832490450244
948
5.918004384638124
949
6.20069841745342
950
6.017486954217956
951
6.178255271982211
952
6.051148649037964
953
6.479986051377139
954
6.504546512963018
955
6.1253890905503985
956
5.886908708936527
957
6.203094027352286
958
6.24563525763948
959
6.021033403636896
960
5.799647279006387
961
6.150924656112722
962
6.3652861554191675
963
6.228890493809003
964
5.888138075909009
965
5.971466335428096
966
6.298247308913675
967
6.256495515687631
968
6.2404606869599215
969
6.75634400650313
970
6.229268283337668
971
5.785228827769967
972
5.867052075950528
973
6.23489789589284
974
6.163905877335034
975
5.829625589665866
976
5.93018532388492
977
6.1244349101135045
978
6.243525078152807
979
6.286761281530288
980
6.182768067208965
981
6.409847779456841
982
6.074174471526466
983
6.154328421791205
984
5.772533934109475
985
5.873601824978405
986
5.871407977753445
987
6.299479052156442
988
6.205827874512046
989
6.167405134906488
990
6.318016961392942
991
5.677890471230831
992
6.213210489588513
993
5.7846639020945005
994
6.162870996809225
995
6.571959866054447
996
5.9678700787001295
997
6.03600757720542
998
6.2560090559808454
999
6.1980275264122255
1000
6.127028328642426
1001
6.19794009431653
1002
5.838218443093596
1003
5.628937335897029
1004
6.334987307671871
1005
6.196661373544144
1006
6.16496427860356
1007
6.022771405804672
1008
6.006295214134792
1009
5.8527064849673875
1010
6.588234927070126
1011
6.217186763922032
1012
6.5446267900933375
1013
6.180243862296521
1014
5.956984387840504
1015
5.9376221716092035
1016
6.937860573466363
1017
6.4576303064988
1018
6.096344860829749
1019
6.153163108119319
1020
6.555301679785908
1021
6.450221146241339
1022
5.874264036514205
1023
5.942049439952286
1024
6.545281319437308
1025
6.101241797617803
1026
6.250258404211406
1027
6.118333352978663
1028
6.778377379233728
1029
5.987271060861444
1030
6.381665042296052
1031
5.774016992034456
1032
6.026044358739844
1033
5.956663401448878
1034
6.1187143929496965
1035
6.045261548839983
1036
5.862566196729272
1037
5.825066988038866
1038
6.151644883257557
1039
5.809742364191192
1040
5.824605501863596
1041
5.934110836267292
1042
5.673289400453982
1043
6.249828907136077
1044
6.1305040621078435
1045
5.914351020359392
1046
5.88363103946941
1047
5.775358306035734
1048
5.961409462816709
1049
6.001909868359272
1050
6.008581446038661
1051
5.654845873415858
1052
5.971653504651636
1053
5.893891262189572
1054
5.863814445116802
1055
5.9577211758059985
1056
5.692675596531893
1057
5.771636391793445
1058
5.660854225127684
1059
5.322852744966388
1060
5.324989619561371
1061
5.5765082946881055
1062
5.163482307077012
1063
5.160769714859654
1064
5.338847856832154
1065
5.463479269417972
1066
5.563745524849821
1067
5.197517766049205
1068
5.544529504265713
1069
5.1688204992012095
1070
5.58109366564532
1071
5.243446017056715
1072
5.188005525253628
1073
5.126034261129559
1074
5.388311961037491
1075
5.441299478984455
1076
5.630211050190378
1077
5.462286843695078
1078
5.704066533723651
1079
5.617564799225215
1080
5.531827440524862
1081
5.9026984196651275
1082
5.913067617802918
1083
5.6756342797063075
1084
5.481781492497775
1085
5.755855379557083
1086
6.107517810369
1087
5.966223876303011
1088
5.641280960913744
1089
6.081082076128943
1090
6.2797617506521615
1091
6.029436831497262
1092
5.832653385732305
1093
5.946880930257705
1094
5.91576203438773
1095
6.193200977271811
1096
6.183343349211324
1097
5.9053258288101045
1098
6.225995269434517
1099
6.228438542186025
1100
6.407539121893631
1101
6.193918133136164
1102
6.815442759246043
1103
6.36568405867188
1104
6.5079824939768445
1105
6.553017523865822
1106
6.783392458373422
1107
6.647026879616707
1108
7.603855415172148
1109
6.768699355384149
1110
7.230866539162426
1111
6.935615782714852
1112
6.896410159629604
1113
6.60876607414652
1114
6.629087552811704
1115
6.804999432059713
1116
7.126389788228739
1117
7.7076570765319605
1118
7.881037855932979
1119
7.156403062552046
1120
6.948027221906306
1121
6.95279184593374
1122
7.607302244139262
1123
7.242315089046183
1124
7.382616062410972
1125
6.913290528277339
1126
7.0071483700752815
1127
8.039667932474536
1128
7.0773847430102705
1129
7.759373884399953
1130
6.923858145798329
1131
7.259590579688854
1132
7.9919124666825105
1133
6.929151627444747
1134
7.053720673892029
1135
8.385879050643558
1136
7.545780172895129
1137
7.450354452783772
1138
7.256923912690953
1139
8.32538369441769
1140
7.2072800171129225
1141
7.839099853420197
1142
7.103799750951976
1143
7.6398178086434
1144
7.352687038490026
1145
8.002652859698909
1146
7.493395995598316
1147
7.8794160549042465
1148
8.074023006623484
1149
8.47876307531989
1150
7.879577701346552
1151
8.108308034266708
1152
9.56363408117013
1153
8.672965436524555
1154
9.014378396388894
1155
9.038383050495089
1156
8.974456375452545
1157
8.933779004394491
1158
9.25756387868659
1159
9.557696514289518
1160
8.879101483584995
1161
10.359648206530357
1162
9.450026504276117
1163
10.079898877098731
1164
9.344162148350735
1165
8.981916570962417
1166
9.032822066119584
1167
9.135153708500797
1168
9.84025176080506
1169
11.523403811256454
1170
11.053166337030433
1171
11.43230064475733
1172
9.903330106047747
1173
9.488577881191908
1174
11.473841607316691
1175
9.754495290593928
1176
12.124875040284747
1177
10.323798325542395
1178
11.878260747069847
1179
12.103738781806696
1180
9.308257751903955
1181
9.743778879263193
1182
9.89043088028533
1183
11.885581647028799
1184
11.083175546848064
1185
9.05542395346163
1186
12.131217712752578
1187
10.018658805556388
1188
9.505247864165307
1189
9.79845469452665
1190
10.560474155949471
1191
10.023041416534351
1192
9.112977861836454
1193
10.285812928280867
1194
9.50313825183879
1195
9.463254997730091
1196
9.344938308624872
1197
8.523190030686411
1198
9.142133207918755
1199
9.251655270053007
1200
10.346543139121241
1201
10.506950285039029
1202
8.677645634409306
1203
9.677583594268915
1204
8.55852687007126
1205
8.355401101004535
1206
8.840116005288401
1207
9.245431091591621
1208
8.929712101117476
1209
8.42294089198109
1210
8.649940677915053
1211
9.06951300275556
1212
8.074027784970495
1213
9.10070642392162
1214
9.26538261566241
1215
9.391930544462218
1216
8.441525781699516
1217
7.794763801351298
1218
8.454977359457558
1219
8.031464702899715
1220
8.539456614644797
1221
9.410960605706872
1222
8.32704252852738
1223
8.816911430054407
1224
8.740858356898038
1225
9.446151109905946
1226
8.169113391893918
1227
8.938280462241783
1228
9.71302365821075
1229
9.507721980397276
1230
10.303886410140333
1231
10.700228394877797
1232
11.731341008958232
1233
10.796321036249935
1234
11.012821042024656
1235
9.806653080733476
1236
10.988676288768454
1237
11.52667466236089
1238
10.435256069828373
1239
10.114062672823563
1240
11.257661137331576
1241
9.403316744423568
1242
9.882921267460583
1243
9.450886251355444
1244
9.261616109028157
1245
9.839969829992384
1246
10.641696320831354
1247
9.46826916224901
1248
9.022142691750597
1249
9.284424031820175
1250
10.256395456411395
1251
9.825398929103576
1252
9.106892482226142
1253
9.352533170855185
1254
11.537887731509855
1255
9.418650616141798
1256
10.311157621174173
1257
10.600118438207236
1258
9.361013443463017
1259
10.057392735520628
1260
9.731174992545824
1261
9.424872999606993
1262
10.04295354399883
1263
8.804494809690985
1264
9.390274423320376
1265
9.879876170558463
1266
8.922223718785203
1267
10.268973042314848
1268
9.83139427687003
1269
8.8945712937279
1270
9.2919979074187
1271
10.193524854844043
1272
9.432698367230206
1273
9.410492321081257
1274
8.873911186160353
1275
7.879778786062238
1276
9.774576308775414
1277
8.676380999066131
1278
8.99615076985688
1279
8.980782678768582
1280
9.286920984329448
1281
10.908081688617136
1282
9.08025792847121
1283
9.003344751356776
1284
10.832526749901824
1285
10.93509023093467
1286
8.924356415106304
1287
8.302732757741246
1288
8.907879980572641
1289
9.275659688422458
1290
9.177413568213058
1291
8.213048734207359
1292
9.384338051873602
1293
9.641694473520754
1294
8.506648067542656
1295
9.183364682618107
1296
9.255380874581341
1297
9.807010236778028
1298
9.011954301225767
1299
8.910929876319429
1300
8.465057580699414
1301
8.401969399334295
1302
8.853858664212083
1303
8.432843707218204
1304
7.97589119133833
1305
8.863546591762868
1306
8.729293079606848
1307
8.118443604161946
1308
7.897575713195742
1309
7.72375425154682
1310
8.082592338489954
1311
7.2816859314379
1312
7.984321619967015
1313
7.3670811115752
1314
7.453926979460319
1315
8.273250067644359
1316
8.14258166102582
1317
8.099052363810868
1318
7.8065577102999475
1319
7.478339917006923
1320
7.359257168122851
1321
7.342505075937829
1322
7.671405797544817
1323
6.876972756167896
1324
6.888460341403858
1325
7.286074767432492
1326
7.056490447353646
1327
7.388627400409326
1328
6.852425983147878
1329
7.543042728836317
1330
6.979945060484498
1331
7.0855614337546955
1332
6.933258858753831
1333
7.23661478516948
1334
6.757237576929529
1335
6.502787485056117
1336
6.604215758857044
1337
6.749914339896729
1338
6.799015197576007
1339
6.391011358282467
1340
6.4869389926359196
1341
6.792610217307797
1342
6.447677129440426
1343
7.0090662786603115
1344
6.509710539735515
1345
7.015878671983211
1346
6.575095450002071
1347
6.330664245121965
1348
6.508200582074754
1349
6.821551464488635
1350
6.651851982712674
1351
7.124167594974781
1352
7.09696622114339
1353
7.106031164148173
1354
7.346969691511043
1355
7.468876101900634
1356
8.202888445512233
1357
7.361623205266422
1358
7.882479356021952
1359
7.771744237650281
1360
6.986998722364765
1361
8.084102435900627
1362
7.3037700666609044
1363
8.239835564568017
1364
7.920270486653202
1365
8.584220241254751
1366
8.07691854296936
1367
7.790252104701314
1368
8.12961394013125
1369
7.99231047759136
1370
9.107831024561193
1371
8.66534347603468
1372
8.330188105492626
1373
8.457627956570713
1374
8.32282424790572
1375
8.088886399048052
1376
7.849969169856516
1377
7.979746043782334
1378
7.935985092582238
1379
8.195773823986913
1380
7.958985115037404
1381
8.055363073103786
1382
8.023196520531101
1383
7.85911834288531
1384
8.669438324413461
1385
8.800771614773112
1386
8.354669641629814
1387
8.523695449059206
1388
7.962461084015637
1389
8.819388626375146
1390
7.957037311887804
1391
8.02640064513622
1392
9.034377707557864
1393
9.22076307347115
1394
8.140981820857677
1395
9.762873316141604
1396
7.848301275011046
1397
8.296105163457206
1398
8.740292307673732
1399
9.48376706448279
1400
8.522815957634709
1401
7.516074829470981
1402
8.158723100764481
1403
8.276628049645765
1404
8.069323029479243
1405
7.94549012139453
1406
7.641967158183275
1407
7.437229752585952
1408
8.703130997612796
1409
8.747436679990843
1410
7.247945818623156
1411
6.986418390510914
1412
7.027487347668821
1413
7.817057568919725
1414
7.475190290723718
1415
7.053423422003624
1416
7.148699954480256
1417
6.723277016414267
1418
7.326466954728056
1419
7.59463117763587
1420
7.517129114476922
1421
7.51605180879752
1422
7.195470686238384
1423
7.987084143517879
1424
7.6518197464964635
1425
7.460909001440518
1426
7.096995126428016
1427
7.429670555709474
1428
6.976269151667105
1429
7.410390861892026
1430
7.4493084980327575
1431
6.752898983918191
1432
7.6512142394448786
1433
6.59679877438453
1434
7.412979253914901
1435
7.185533022228709
1436
6.861872608047071
1437
8.747006773589625
1438
7.809235306073569
1439
7.473811875126914
1440
7.653092510842689
1441
7.27641840738738
1442
7.473471477830079
1443
7.229539692896889
1444
6.749255343335905
1445
7.6032036059852075
1446
7.635724872686165
1447
7.333065620443065
1448
6.924426228862624
1449
7.108850426737011
1450
7.276141199466872
1451
6.7400749208136155
1452
6.295834617577587
1453
6.435367077322625
1454
6.898958290892637
1455
6.004815002237953
1456
6.404189908330433
1457
6.216021125496888
1458
6.225248752820402
1459
6.929246648706693
1460
5.982946386948946
1461
6.198252856040506
1462
5.577082835218843
1463
5.522539670051529
1464
6.073175850718074
1465
6.127375295217507
1466
6.116620322655481
1467
5.887262822703385
1468
5.857273255163403
1469
5.977810890382652
1470
5.881582238732974
1471
5.588266435169133
1472
5.835998851185811
1473
5.873083049911213
1474
5.697333712373911
1475
5.474922581195681
1476
5.566283270295778
1477
5.663010527675776
1478
5.747695032452779
1479
5.4699019358444065
1480
5.89518328184515
1481
5.701190078427459
1482
5.759013909854577
1483
6.059764509033308
1484
5.771402433692282
1485
6.001885009488378
1486
5.751141827723074
1487
5.463550756308971
1488
5.830231752340291
1489
5.77804712438269
1490
6.121642177135886
1491
5.625727847459377
1492
5.684334808783739
1493
5.262228960463978
1494
5.543912476787525
1495
6.298007419245973
1496
5.7973165145419925
1497
5.861755819033241
1498
5.6324224354860695
1499
5.864194680387192
1500
6.092322794883927
1501
5.826264569892857
1502
5.922936364101019
1503
5.889305498515718
1504
5.825520563382992
1505
5.672963831826808
1506
5.580116275690049
1507
5.564027922771107
1508
6.16591514461381
1509
5.279516891534362
1510
5.623458066967737
1511
5.781185625734328
1512
5.356817906730561
1513
5.9537361957045
1514
5.586908768152455
1515
5.628483258088384
1516
5.704286255994541
1517
5.674633925840374
1518
5.8846456357259065
1519
5.709548763028598
1520
5.755671305295791
1521
5.808776756267594
1522
5.779990910897955
1523
6.364271959693823
1524
6.256682737187246
1525
5.795008515576836
1526
6.366416680875435
1527
6.101640663023188
1528
5.807481619955431
1529
6.434624788939745
1530
5.7925833588136015
1531
6.293160707934499
1532
6.526947100087625
1533
5.938345602655024
1534
6.362009731553507
1535
6.602036321850712
1536
6.669091454907999
1537
6.4184508740548365
1538
6.299072081328978
1539
6.282069352936883
1540
6.933109511706904
1541
6.034872185531246
1542
6.521575891947818
1543
6.155412830301077
1544
6.090538076683652
1545
6.346844249656367
1546
6.861346407387424
1547
6.179636763724696
1548
6.456734742699998
1549
6.176965193489134
1550
6.133096636664166
1551
6.141501129773443
1552
6.778735234210363
1553
6.142165371813444
1554
6.2926053746227
1555
7.736714375121031
1556
6.9886431666347315
1557
6.495058915947299
1558
6.063441224459705
1559
6.271972925017347
1560
6.654108917098472
1561
6.774150381747737
1562
6.455667430107713
1563
6.636611790041658
1564
6.63590506317633
1565
7.390188440576427
1566
6.686495305233087
1567
6.313172058329613
1568
6.638547788303743
1569
6.586356522449356
1570
6.384357908291231
1571
6.576919331517436
1572
6.916404164408455
1573
6.4304430452543855
1574
6.01767363866929
1575
7.83586240801293
1576
6.627386337098562
1577
6.050546354194124
2
9.307744440284731
3
11.730614704918354
4
11.229752168988036
5
10.545473664661793
6
11.99328927116559
7
11.162290306396175
8
10.738815528498822
9
11.320850294126021
10
13.555604974391862
11
12.321563148714368
12
16.79437652971625
13
15.852658724245142
14
19.577258669632048
15
20.619368244286186
16
23.428308039329718
17
28.697093434094537
18
28.29504416118527
19
34.700208053827055
20
27.180260685054144
21
51.087460453308616
22
37.06991428900123
23
62.06683578509335
24
47.373703094131365
25
55.26692124733954
26
64.14834368709596
27
76.61081529301283
28
54.21659383833123
29
63.03861284781613
30
56.9955991493763
31
53.71629694014837
32
63.842591439534544
33
75.2031821054894
34
61.90277504276493
35
100.17130840378258
36
86.51488762486022
37
114.71232666261103
38
129.3733927278551
39
107.40441168665822
40
133.03083767616525
41
152.58307855635792
42
125.80759755122195
43
131.08498095098716
44
122.62855190376652
45
139.1469039118592
46
125.57233387817959
47
130.68325271973353
48
119.40154296228638
49
124.2073793036031
50
126.49147533357076
51
120.51798466182005
52
133.14456090373866
53
135.45279452772417
54
116.72898227510048
55
121.55152818987565
56
110.83552137544177
57
105.58232887458212
58
105.58357522142697
59
105.7156117300293
60
106.55517069102314
61
107.20558990834203
62
103.8565292799135
63
102.63901418169606
64
109.50448998817119
65
105.08203186758918
66
98.27332299808772
67
98.25250314846393
68
100.49255176232006
69
100.8540600036588
70
99.44605741815762
71
98.42770906482622
72
100.15008241877743
73
117.52843339087177
74
103.93787272281833
75
110.8618206140353
76
109.12021269538201
77
99.17747386850941
78
101.26019901981917
79
95.76954057178297
80
92.83582026768066
81
88.39008798418259
82
84.85780130900778
83
87.4474859676322
84
86.55250223127052
85
90.60397317319953
86
93.26678248417532
87
97.31408382577627
88
98.12380839846533
89
92.77962647878117
90
93.12123378013972
91
85.1371670377384
92
85.61055823376785
93
84.69622341255909
94
80.31009976343336
95
80.95451138791564
96
80.71864315061661
97
82.020881536392
98
84.36063789580326
99
87.87275525778955
100
90.94787990169338
101
93.87486907538258
102
93.76101924561284
103
93.27450094972173
104
92.12994240298461
105
85.99128303821313
106
83.52059549595944
107
85.1879893108807
108
84.20263677504694
109
85.35763464097765
110
85.28349489157534
111
83.06902175302656
112
79.7039736442136
113
81.6412780248612
114
82.26365767065084
115
81.80754944551836
116
85.78486859863555
117
87.39351683168172
118
90.16279089300781
119
93.90512046291586
120
96.10675434085144
121
93.84019438501696
122
94.08854578497535
123
90.55622061291172
124
85.9429855282108
125
86.052609016394
126
84.51692311171826
127
85.2727796818997
128
84.88839237418651
129
86.9771998252962
130
83.6519591529818
131
82.86840644892696
132
82.03474693405575
133
82.13084408449885
134
85.68418716498701
135
88.89376361556582
136
93.70358173757629
137
92.20076820608413
138
92.3526593445707
139
86.30311728480005
140
81.37688659742099
141
78.01806836403752
142
76.71349277869645
143
79.02814315012043
144
83.0239369736028
145
90.96152905559521
146
98.24044326417206
147
113.52868098814604
148
113.83310005190415
149
96.89791211620532
150
86.93979605446326
151
76.03708983295368
152
71.38884362396166
153
69.8202175466145
154
68.43600078876953
155
72.1618396931313
156
76.81814240545357
157
83.30107686595152
158
95.2214013837667
159
104.32183850427674
160
104.73295906650014
161
104.3892497775412
162
100.86614785543121
163
97.54178028109789
164
96.28916524280504
165
91.46923928370752
166
94.01259364010922
167
91.56517514965952
168
81.42453904560847
169
77.25671781794718
170
78.23611327638542
171
78.92156320226425
172
81.36946888157333
173
82.8469601515165
174
85.71642421825918
175
90.30293109261521
176
93.25907393879024
177
92.70098894063865
178
89.29958066070503
179
83.46334136233584
180
79.51991230932823
181
76.6133053538369
182
74.69037430910808
183
72.81005530687369
184
72.45833998410268
185
74.43044720864602
186
81.18365152077955
187
94.26656183552936
188
118.78355398182796
189
165.3843903312077
190
192.1093508942717
191
186.42209649323644
192
173.07261094421258
193
164.74065408617923
194
184.80632660716938
195
102.9934013485887
196
84.10939894673575
197
85.41037873642156
198
86.87493194993188
199
85.73500351707952
200
80.62868133658854
201
74.57039734984156
202
67.33595043664006
203
61.56804238797206
204
58.65021677884141
205
59.80702418085302
206
64.88508339240485
207
77.71014053835671
208
205.9938728295722
209
141.60988124000366
210
140.23390858331607
211
218.1649227280177
212
119.80467271054744
213
111.31360240034564
214
98.40434832913387
215
86.53359609320759
216
77.2056502468614
217
71.32652332481436
218
68.14326171772424
219
66.02095916829028
220
63.86291738348407
221
63.85642329878123
222
66.26605590979004
223
70.23012287686781
224
79.04093145556656
225
92.23153892063532
226
118.90591923882054
227
189.56791122401856
228
84.74364735203591
229
95.01716710225192
230
190.89976746816123
231
134.07534677624724
232
104.29041066035253
233
90.67202947450407
234
85.05216417632244
235
80.86639624998706
236
79.57150166794179
237
76.76122110411258
238
74.46230579893508
239
70.232618461707
240
96.72127540077818
241
145.36811125378176
242
65.71592541608986
243
59.92219431255584
244
72.33699786447353
245
141.62762743981
246
200.96679312566866
247
76.99615824384027
248
76.93010534895488
249
93.55469474502328
250
146.63761104059824
251
85.20796847266452
252
39.08926428125842
253
29.658596152465623
254
27.09265169979067
255
32.80109051346966
256
47.559325411088956
257
169.38009875800446
258
94.02959925745981
259
73.40258639234267
260
60.008101354179686
261
52.267524319655635
262
49.447818635719564
263
48.59423650830097
264
49.206984121410684
265
50.92474828330196
266
54.5586452142581
267
60.81307803236567
268
69.31063906249655
269
78.56982045194972
270
91.83611634275724
271
113.84335983154536
272
148.5516081211394
273
167.67267919858295
274
120.80632898688205
275
81.47550567446031
276
76.00679872906926
277
66.30793697753066
278
83.36480498113737
279
163.10382921090113
280
93.97864114034492
281
78.26140728181349
282
70.53015278135994
283
66.82012017034178
284
69.00800277870634
285
74.13432621624382
286
78.7412518516985
287
84.238411007861
288
87.74539994162762
289
86.43473624199963
290
86.6367581574196
291
92.28254821987848
292
207.01439525372587
293
189.98824342336076
294
208.396778451984
295
95.70989105557292
296
90.25743141625823
297
90.83312831914368
298
93.59962498028749
299
92.93244578785173
300
88.33779852385105
301
84.53425923993687
302
79.44815149407376
303
74.29101833986265
304
70.7795265325618
305
72.55623147638849
306
71.47812412008334
307
66.95180472807715
308
62.95653923442916
309
82.02528547969885
310
208.3411521085807
311
91.07030062803472
312
91.2808090744243
313
108.9079901150847
314
142.50914771922464
315
189.34212059865072
316
224.88032265697092
317
219.03655443559754
318
176.80408317712042
319
140.40737725401607
320
113.75359550477835
321
93.82310988301616
322
81.4118041991362
323
72.71158252471929
324
64.71034302499575
325
126.2752732552243
326
189.44000503040007
327
177.53971272032118
328
103.72838301352884
329
59.26529275887106
330
37.84295798470745
331
32.59438712921234
332
32.18553943382782
333
34.02025449339998
334
44.1773714865877
335
96.81814646062156
336
159.34231116642803
337
75.6390890148452
338
83.3291675689116
339
91.8873857864424
340
105.37232005223267
341
117.64689764422924
342
123.59772323572786
343
114.13545748603431
344
93.52840643312642
345
77.35502526697609
346
60.8981967743049
347
50.52435316094927
348
46.78505275437346
349
44.87450665509988
350
44.69745397950296
351
45.0541816512111
352
45.987012433807884
353
48.08883235327373
354
50.969486405962996
355
64.09205381967608
356
114.75266993567365
357
158.90765311679837
358
115.4466016922742
359
175.573323583147
360
98.26466422528208
361
70.28564868711652
362
67.82171099185027
363
67.93612305677723
364
66.75738493267319
365
63.63243239012
366
59.849733615482435
367
56.86154692888453
368
54.57301352950114
369
53.85552301074846
370
53.444798217723445
371
55.56601928348019
372
61.10768507535929
373
79.51616042913486
374
90.88938372512663
375
84.40279111590418
376
76.24578748734446
377
78.26263150152596
378
83.47065055620993
379
97.1334561564534
380
165.96413322773955
381
41.975271331533676
382
34.49514206677622
383
33.30107455460824
384
38.15886735726342
385
52.8533069864648
386
228.06085484245432
387
152.59202740809584
388
101.4510810507641
389
97.36013505857515
390
88.92585217218496
391
81.50612089511912
392
74.56373705900874
393
65.88317397503934
394
56.316948554540794
395
51.71856633104136
396
49.221256102779165
397
47.04419966438941
398
46.49294331367619
399
47.48664651289758
400
49.44080335191505
401
52.00638806624021
402
56.6984749500804
403
67.08799047450007
404
78.59492611947068
405
101.49502563556534
406
170.98714459025229
407
155.27040764709736
408
112.25568084885553
409
115.88638064821964
410
147.30442629856978
411
202.80405956582322
412
168.0345215750118
413
117.50110042075501
414
94.70177198803326
415
149.1901355886739
416
130.89379992715305
417
121.68721913416825
418
101.44281853862962
419
73.71775184484515
420
50.09883053571433
421
39.85618823574722
422
36.34615676255226
423
36.758484393997364
424
40.381592814345
425
44.65819519950313
426
42.928980429748535
427
37.33047923570064
428
36.09302154499585
429
40.36473419341256
430
59.75665324156095
431
139.69563016318793
432
157.63885945929286
433
161.47945951926394
434
237.48863818080417
435
311.6597112940545
436
298.72739187611444
437
274.33052944208475
438
257.41675011700266
439
193.42646045050031
440
149.60498478276276
441
140.54161857557315
442
127.6464699613926
443
185.4912432098388
444
214.8224569284792
445
216.44027514892048
446
215.43911287858765
447
212.3850755880863
448
204.14543233195383
449
97.24110386804497
450
77.29947656440059
451
67.3229791426829
452
61.549178933412136
453
54.328820153299816
454
46.956778195278815
455
39.44946518279554
456
35.8932473927482
457
33.05912272687017
458
29.715553008569053
459
26.447698125304115
460
25.163271323307317
461
26.598139200616163
462
30.008135790463978
463
37.228474692673174
464
47.80227992469387
465
65.16264290507073
466
94.98848070587037
467
147.36504482029113
468
218.07808853113278
469
216.16797660024082
470
213.79485357633635
471
207.9695116043684
472
211.4316879889324
473
208.7939652920664
474
205.86803219797068
475
140.51051645353706
476
122.52063097610332
477
136.94739608192253
478
209.16742067733628
479
213.16822692721064
480
214.66288076016144
481
172.56990252809635
482
106.57497540641374
483
89.99400215112884
484
83.81076689896535
485
85.53847343079616
486
96.7825048273715
487
156.48648469452596
488
219.05086173926605
489
219.84264574450475
490
215.47146973207992
491
208.6145735671623
492
203.7264138877348
493
200.93230669140752
494
196.29310869861146
495
143.61777427298276
496
92.95794472792831
497
84.24438775851729
498
94.97575795599445
499
100.58086985247756
500
94.53337772324839
501
84.42621150016612
502
75.81312968666447
503
65.36345020824822
504
60.807444519233265
505
61.55283898679216
506
73.63250820563778
507
174.25746726527666
508
208.789248812792
509
129.9057975971935
510
95.5809740287219
511
58.95606326667908
512
43.65427036436641
513
37.6990989938037
514
35.9652909807319
515
34.289060432055805
516
38.40284051942259
517
39.79887244568898
518
39.95685838553998
519
46.34321893997207
520
97.4149729345245
521
445.9885821565984
522
102.47469180993629
523
55.65609999756918
524
38.17829996360351
525
30.932403363657166
526
27.655607174712713
527
29.29947269056039
528
33.68771307144535
529
43.33636316880406
530
55.45707626852463
531
86.12225743288265
532
308.89984193808743
533
281.29215386011106
534
265.63585395466254
535
296.8412268146375
536
107.66453154188552
537
56.152826814048446
538
34.90752114607726
539
25.048038796895348
540
19.9174178692799
541
16.786770864161472
542
15.93203846713538
543
16.180833565085425
544
16.826048610271332
545
18.67523443302467
546
22.529898161561103
547
28.719767007057992
548
40.577072580432876
549
61.29648935815351
550
112.55967108309592
551
264.99546568033514
552
141.995827881122
553
85.12129097476469
554
68.98747783407728
555
59.87032405285901
556
55.24513718445948
557
55.456285352384995
558
59.41289809761159
559
67.19869101201742
560
78.63925723952659
561
97.50404777464894
562
118.41606877235049
563
125.07037564063086
564
151.72370226086284
565
229.74965593741376
566
290.68231088392963
567
329.31932609305653
568
382.3158732160148
569
489.83186595601677
570
726.9514444749933
571
270.93837011214305
572
282.4389019793951
573
773.7800230887663
574
479.7429342939862
575
378.4363739851797
576
327.45741886521483
577
300.31393145568063
578
272.21970897915065
579
153.0990591050258
580
129.19118801174685
581
136.3272743005229
582
151.9758373649808
583
146.1313958764064
584
139.07539901097732
585
133.88489335832028
586
160.75633059598277
587
298.1692760835403
588
324.7144699106686
589
222.06042488704722
590
45.286935552143014
591
32.90229048103516
592
25.298893979947024
593
19.567022557071454
594
15.836608728766656
595
13.607034294964086
596
11.987295481431742
597
11.023335981636835
598
10.534442057803508
599
10.272900917508982
600
10.335654996464351
601
10.172295394109513
602
10.342857839289222
603
10.907928793605452
604
12.513566335023336
605
16.941008495013183
606
27.540793235755444
607
94.61404978026674
608
357.9225710253816
609
179.35991476425488
610
115.26108900657692
611
114.61400970094493
612
126.65815670527596
613
135.45881440905487
614
143.04963851772814
615
147.5310437874871
616
150.43920137765352
617
150.8787719970949
618
146.5044115181024
619
141.59044835882685
620
142.8013554942568
621
150.192196603581
622
369.2406672179097
623
514.9299441510351
624
244.58361210633674
625
48.00353735928885
626
18.48013776593729
627
13.665230229360507
628
11.211019387618288
629
9.623100295304816
630
8.796113008693297
631
8.058057008555426
632
7.578761130499183
633
7.3694453088397465
634
7.264381803865213
635
7.22783183242827
636
7.6038598308641365
637
8.042941605956917
638
8.670692408671492
639
9.87812295955941
640
12.250404055849291
641
21.006504183480807
642
34.07743949068378
643
52.08371586330958
644
96.58592862341322
645
199.56658035604283
646
107.75168902163459
647
97.71136113473959
648
105.5762928045525
649
154.62411730874348
650
327.87028202008304
651
102.40043212724133
652
57.819844462221994
653
33.45164167241267
654
25.404184995437017
655
26.314447906550345
656
33.41408858048163
657
77.06554851255588
658
771.4371657154894
659
333.56468451298116
660
196.76360637178584
661
159.9244139920478
662
183.6582851948393
663
186.4580988978812
664
117.96053886663343
665
64.16178375719922
666
59.68366949512325
667
58.61614856568477
668
61.46304690667323
669
63.50399741265856
670
65.35393815698097
671
66.06894152943839
672
66.86230478756362
673
67.70444170350285
674
67.98102331713342
675
68.12906498425751
676
67.73026527633395
677
66.25411463466433
678
62.62791359938665
679
59.77457666686575
680
58.92675136468834
681
68.80005577764035
682
42.6627246836545
683
29.904614729676567
684
21.88204857544901
685
16.768030095820468
686
13.352722086295032
687
11.523207264024554
688
10.176273578668308
689
9.176823723592463
690
8.73763460920714
691
8.446753729878338
692
8.208878031119237
693
8.33874510587671
694
8.651854065684304
695
9.009046391629761
696
9.649556845763614
697
10.514006338284322
698
12.393633742935533
699
17.078229584244372
700
26.516800720896544
701
79.69238035783721
702
213.71136305507065
703
143.946304864918
704
145.94766681355696
705
143.84502427341337
706
147.41427441082567
707
156.91039789658572
708
163.1675201351177
709
154.95586134081015
710
146.4053590308108
711
140.72904009408578
712
140.32997602438243
713
139.68571753603453
714
137.6364689153888
715
133.76992344432549
716
128.73266190422055
717
128.94313382510128
718
131.31846774811203
719
143.57811543488683
720
173.35123509221896
721
278.4436095528298
722
295.7567889150926
723
129.15659235062444
724
59.12909925487816
725
33.51598302775617
726
29.274024464179117
727
25.745237689291564
728
22.899600826621437
729
20.570136844296922
730
17.39598663925756
731
15.490504955482468
732
14.568329737829723
733
13.529854486839156
734
12.610119709804664
735
11.843486546107732
736
11.20914822043373
737
10.824009874831367
738
10.828686105108508
739
10.847606891474522
740
11.151322707459334
741
11.432393736548146
742
11.940268385794205
743
12.42626871060175
744
12.995024261771782
745
13.458388039045836
746
14.621965078102898
747
15.587869819506437
748
16.512590378573908
749
17.175561423436967
750
17.6825418797511
751
17.637094773852173
752
16.895367451350165
753
15.992528971891762
754
14.934274874774067
755
13.726537840453709
756
12.318745811576687
757
11.16595903762478
758
10.169658908265966
759
9.322580219840434
760
8.79648295016546
761
8.432514567554746
762
7.880666446925812
763
7.553604813554536
764
7.389084681682786
765
7.414203966683673
766
7.504158358869138
767
7.705478487689626
768
8.148541226761328
769
8.979991995658555
770
10.217858065895696
771
12.552010585901945
772
16.395139332279594
773
20.294860331374572
774
21.82232542044273
775
25.322045462008738
776
28.149671251065847
777
30.67554182511402
778
34.585723049587436
779
39.108724896097314
780
45.122436882204155
781
54.202637538652525
782
76.55607285773999
783
120.84437211614643
784
104.76705711428286
785
58.60295085457381
786
31.602871133230856
787
16.62011059188894
788
8.462601001374502
789
4.448119713986763
790
3.769599642567208
791
5.048192456715642
792
6.315970159060307
793
6.935939645466333
794
7.33642422065349
795
7.8041620435693755
796
8.29024030873068
797
9.311093939191007
798
10.543667962423683
799
11.476239387534532
800
12.790095674274214
801
13.035855291191428
802
14.619946143851278
803
15.49070135931273
804
16.660928289226337
805
16.216904268074764
806
15.384812046957995
807
16.54103075785243
808
19.32511053732497
809
22.568696821020726
810
26.42920483997471
811
33.15635784795747
812
51.67324033002016
813
62.91863239997529
814
80.58292674215551
815
108.29148919799474
816
152.278087196706
817
302.55696778386664
818
163.0681184427401
819
125.8392146884798
820
113.7260034497919
821
107.22232460803708
822
103.18271962241852
823
106.3706269826554
824
134.3131107261139
825
171.4898069102226
826
244.32766184210496
827
427.9685238799578
828
137.32763342837148
829
22.639338815139908
830
11.504887451614762
831
9.816875183059505
832
8.992481834678864
833
8.708051855080793
834
8.526915984717858
835
8.545723092708188
836
8.513266951556947
837
8.429632242967113
838
8.557919607635263
839
8.678948240531247
840
9.15402350706353
841
9.443923794706357
842
9.643614992968338
843
9.980303276929254
844
10.431949478710361
845
10.88505537842055
846
11.315992644108725
847
11.912159693781105
848
13.329849012465036
849
15.11766335586514
850
18.758591924456766
851
26.59857486524053
852
41.34312318442406
853
49.721561559825226
854
63.37546076263027
855
71.71078351379775
856
69.47050935566308
857
68.58548657097926
858
67.52476689676377
859
66.06738748742276
860
63.27976114493742
861
61.03328876761601
862
60.03600154842539
863
58.210216240882716
864
57.61507392080646
865
57.90623310288042
866
56.93179816846384
867
58.02504333799158
868
58.69406591644495
869
62.37184186374596
870
72.03958490256672
871
87.53689407127017
872
185.03763513290886
873
172.36408211289935
874
169.25332600290784
875
177.24542039856888
876
198.80795763799233
877
229.9990895669983
878
343.65865793851816
879
672.8683869421691
880
910.8515838838481
881
873.1593234806055
882
448.03004024549904
883
259.07949584951723
884
220.86500968426145
885
184.92189138297124
886
138.14310345087748
887
88.6663573720336
888
52.81600300865098
889
38.07781213196124
890
28.398249840035927
891
15.885868851518358
892
13.529530008816423
893
12.516934789886742
894
12.744577937161269
895
13.353824502790745
896
15.261341010289488
897
18.992572349769087
898
36.25656515606112
899
51.452762252729144
900
52.15000591618825
901
53.51622651587404
902
55.546192684628814
903
59.290129089711975
904
65.56400807701657
905
72.10909102030246
906
77.91944637872959
907
80.32291155452396
908
85.96889963180409
909
90.67880519302159
910
94.36591978894435
911
96.15293752914077
912
108.05760606594359
913
151.66399032425576
914
205.51214560696147
915
225.7633915987908
916
221.35183439899188
917
206.57225131809116
918
187.00993314328014
919
176.1662936771393
920
171.13729152653863
921
161.68338358957348
922
142.5531128065566
923
133.07790097672645
924
120.68482832811685
925
111.71626019288325
926
107.81256758936084
927
109.87338569810589
928
118.681461122995
929
130.1961025643602
930
172.0928498677375
931
289.1843931975775
932
454.3147734475164
933
208.3600393365227
934
63.691406968962525
935
43.091703844163845
936
32.4694074086588
937
21.813603648506753
938
10.678768898217589
939
7.125253076636538
940
6.213083695113222
941
5.8715402506427825
942
5.908785394509115
943
5.947546539275699
944
6.937127566221536
945
8.813552054770804
946
18.088705179541705
947
31.1531536182528
948
46.49075295750193
949
76.85789106686376
950
444.0544525831407
951
328.61217208656524
952
251.98480849209201
953
241.3114485524729
954
97.30763670594965
955
64.84360064770117
956
48.65414331569532
957
44.80138126626834
958
44.28542460038746
959
44.686997042105496
960
45.37037490536116
961
46.95165173335932
962
48.407695503507206
963
51.14268057758559
964
54.02074957809961
965
60.372999123785874
966
69.06322055145414
967
73.26703822587004
968
76.20842901347856
969
78.01712178129478
970
78.39770472611718
971
77.08922131716272
972
75.71045398407928
973
72.57271506957791
974
64.7785876379749
975
59.30892244852889
976
61.40906679888178
977
68.94334836356457
978
80.52872220498827
979
108.5009654915327
980
159.7166020296227
981
141.35945369702796
982
169.64546887995402
983
184.0683929911597
984
92.83319850724666
985
99.81285511046434
986
108.48229713585508
987
115.42403850241632
988
122.94844465592992
989
123.80949129920054
990
116.72053970464198
991
105.01517063099799
992
98.05743400026047
993
168.09786293469938
994
222.94682077805183
995
215.76557439542665
996
210.26624357348322
997
213.23170431167875
998
162.39426702181902
999
141.2894802648509
1000
127.11778253662158
1001
114.78743220026665
1002
101.64870287065902
1003
94.3668340168884
1004
88.3355083273997
1005
81.79900297222888
1006
75.13014201744076
1007
69.95772819531571
1008
66.93854746525658
1009
65.54134639244536
1010
67.90578873784253
1011
70.81253097916276
1012
74.84272387007371
1013
80.59533206283568
1014
85.36855304490577
1015
86.44661389919644
1016
90.21222953999927
1017
94.21413769855697
1018
95.9978949093816
1019
95.64667277781513
1020
93.01315719806459
1021
87.65241853836378
1022
80.06126900786589
1023
69.80967775260493
1024
59.610087286242496
1025
54.04788987599975
1026
52.508757762979336
1027
52.920966614967696
1028
53.80886473918238
1029
55.48873105813372
1030
56.97760618126295
1031
56.90408523338751
1032
56.80649728897993
1033
56.80390587821582
1034
55.84502139478836
1035
56.65742075425241
1036
56.634197217275286
1037
57.57610539083389
1038
59.47686286663139
1039
61.11134902542418
1040
62.32732655233421
1041
64.55346925685845
1042
65.2576613142002
1043
65.60417107227434
1044
62.83484198646267
1045
59.898900509292844
1046
57.72646232798258
1047
55.20625600792732
1048
52.953996095836196
1049
51.04959156743489
1050
49.25297483731911
1051
47.65691231009414
1052
46.93589860506007
1053
46.37427390055254
1054
45.75702056981673
1055
43.589973976576104
1056
35.152086804708915
1057
30.610309046412887
1058
27.505169405671175
1059
28.098286392730024
1060
29.249808279331447
1061
28.46137463705635
1062
29.373912753041303
1063
31.150875317101654
1064
30.885345469167437
1065
31.104414899082908
1066
30.1765556742918
1067
30.040969748195923
1068
28.766433879152004
1069
28.06678288185903
1070
27.638435255693967
1071
27.99082601331519
1072
29.54252986001852
1073
33.578490285286364
1074
48.16381875497294
1075
310.20899406302595
1076
401.9349260561757
1077
346.11336015123896
1078
254.32976751196844
1079
213.42092401669157
1080
141.99790395792488
1081
100.66815537060795
1082
60.20609808700631
1083
47.17217159004636
1084
37.01458417505072
1085
27.688308600110194
1086
21.745016065663027
1087
16.7616136279715
1088
14.466166195958424
1089
13.447466964081979
1090
12.942529455313228
1091
12.81658159815662
1092
13.163268710515968
1093
14.43375786313258
1094
16.62314009192595
1095
22.306505940477926
1096
33.32617150701991
1097
53.5328648715353
1098
78.95956741945292
1099
77.10033910751515
1100
63.6077084020028
1101
74.9254960201653
1102
112.60714650889575
1103
126.24906816855095
1104
168.37708594981174
1105
170.93249523057358
1106
87.4625045217841
1107
51.59859902038315
1108
51.47225722214257
1109
51.614705418387494
1110
51.736739551102204
1111
51.725897685166544
1112
51.89462631666158
1113
51.045704319436624
1114
45.29178822864694
1115
47.736876230321776
1116
51.39680935412346
1117
50.124914834691914
1118
50.39013528384949
1119
50.72165431362612
1120
51.34502327350988
1121
52.62764287115483
1122
54.28039921146268
1123
59.777036126981585
1124
71.89943683844636
1125
82.64793792680157
1126
84.49478872182637
1127
89.10801280202692
1128
94.67730069391263
1129
95.85763696228857
1130
96.52446805958537
1131
110.6011978962669
1132
100.40195411629709
1133
105.51933783142172
1134
147.24910465016455
1135
148.38485991547245
1136
144.9706389355929
1137
110.64271984044193
1138
106.65534456493458
1139
105.20102555346892
1140
108.17135804576377
1141
124.5369968020216
1142
117.54338096744543
1143
99.07761491914536
1144
85.926537967509
1145
90.42219044909596
1146
94.96218974340785
1147
90.60111911826054
1148
85.609674172055
1149
89.22744199189607
1150
80.78688682997448
1151
90.5585827667364
1152
100.26223692817754
1153
103.87659690379262
1154
110.80771576075625
1155
123.5816297477895
1156
84.12782623749813
1157
67.66061559139163
1158
54.4810193124788
1159
53.00747668153868
1160
53.9470021774165
1161
54.10624449674029
1162
55.695108986783076
1163
53.72729342522364
1164
52.21760841092418
1165
51.02435464776012
1166
50.03289505401495
1167
49.81979058942709
1168
49.840838112832685
1169
49.83358829473141
1170
51.94711661842714
1171
55.87472306334999
1172
63.36416654389017
1173
75.71606738809321
1174
84.7004364735545
1175
90.55110536698926
1176
94.59072206226162
1177
96.29910977854428
1178
95.22818292428968
1179
93.24184982475815
1180
88.7922463129693
1181
82.87575868668034
1182
77.28398642152275
1183
68.84911555709893
1184
63.098522354389544
1185
65.30821409380698
1186
76.93706613756217
1187
96.16767283287182
1188
127.1559253507328
1189
153.78124677515476
1190
150.73050333884925
1191
137.4054372499949
1192
139.4710401850156
1193
153.901068172097
1194
151.17078359840718
1195
159.0523590282973
1196
171.2742041406858
1197
192.9319788050092
1198
213.30674040690818
1199
213.66338722118314
1200
199.83564110552956
1201
173.36773639928776
1202
164.08284862302048
1203
157.9474046165817
1204
170.02193917432533
1205
156.4845888600559
1206
173.07060366792263
1207
111.19856389819816
1208
74.0078776594587
1209
62.572643741594064
1210
42.03826115728507
1211
34.878472806718705
1212
30.78717561547432
1213
27.83884414024534
1214
25.992187228027266
1215
23.98113440294959
1216
22.948580009936805
1217
22.10118815052829
1218
21.53548595004776
1219
21.85461225024402
1220
22.616004663321508
1221
24.515688446253492
1222
27.126162066357672
1223
30.000958414218378
1224
33.575978811822296
1225
37.853875746413834
1226
44.10095450473876
1227
56.955565742354025
1228
42.34727228400975
1229
42.81640612540827
1230
45.485924827852344
1231
47.11836626462273
1232
52.33121485488782
1233
47.300738924617036
1234
46.60390575954708
1235
48.59593541109303
1236
51.99966084594042
1237
54.80118746008257
1238
48.820017128931205
1239
47.15455431268632
1240
46.21533107339455
1241
45.99023932072211
1242
46.439226672968395
1243
46.8345988623018
1244
48.21962223004645
1245
56.30889024439874
1246
43.44868103985066
1247
40.833021385797636
1248
40.12445267475192
1249
41.796573203893274
1250
46.74643747163846
1251
55.077527514741284
1252
50.17475428952953
1253
49.06361216402334
1254
48.72429792856232
1255
48.19848195870165
1256
49.601675006706515
1257
50.055290887162975
1258
50.582635496923004
1259
51.703532401924726
1260
54.838519034764396
1261
60.637267370128356
1262
67.54908758907864
1263
77.17852214259013
1264
85.36528539065522
1265
86.92836142295008
1266
87.36984954552939
1267
89.35383663950402
1268
99.2400093881337
1269
95.26423729785154
1270
113.20917053683952
1271
46.83379950873527
1272
30.096187371727694
1273
26.43582342414012
1274
25.540950164856284
1275
26.73597653455513
1276
28.277672403353755
1277
33.33971787405928
1278
69.09229928391035
1279
106.68655704517845
1280
89.18049030712278
1281
79.1671642911683
1282
90.46775226907158
1283
93.60308551343387
1284
101.82312595662748
1285
102.41243892891704
1286
104.56001903774313
1287
102.58409383504623
1288
101.81482819371286
1289
93.53299441490721
1290
88.83493210836643
1291
77.61095447058835
1292
91.00440453714927
1293
100.79318615039836
1294
129.51229958447533
1295
48.39557931829967
1296
31.026616415312475
1297
26.672524378874588
1298
24.876807996152706
1299
24.870056646969847
1300
27.233397354621896
1301
32.77923515570177
1302
38.682640218797985
1303
27.17961504353598
1304
26.58786377815332
1305
26.801570343442226
1306
28.485305751788353
1307
30.02384196860438
1308
32.922505312547955
1309
36.88116870948675
1310
42.25990989785618
1311
45.83469986633068
1312
47.0914977402572
1313
47.58469282231238
1314
47.19424682720186
1315
45.81585250650404
1316
44.84694088092471
1317
44.04435315972691
1318
44.74427865433242
1319
45.7865964133932
1320
47.548056510456135
1321
49.28871676912776
1322
51.59160634957854
1323
53.642029255402065
1324
53.51234854556257
1325
52.392929221610906
1326
39.85791588670194
1327
33.482918272249776
1328
30.10224411443331
1329
28.10267455261293
1330
26.678104339713713
1331
26.036488103937927
1332
26.29311934535776
1333
27.035820907414045
1334
27.776967255452444
1335
29.225019959748085
1336
33.46583423730076
1337
38.64893365674772
1338
46.204494630305504
1339
50.48915199804182
1340
56.27636781152118
1341
59.8601924915112
1342
93.78296454214858
1343
125.93912831119574
1344
121.2839209645023
1345
171.4792074202359
1346
169.76298108457
1347
165.65545853853249
1348
191.95792951602994
1349
205.05919661502145
1350
137.62206679802458
1351
122.72747457522756
1352
94.28205965878594
1353
96.12986405388183
1354
98.15020350951326
1355
95.94030274917856
1356
88.00676526443813
1357
76.53467012057527
1358
67.7861771967003
1359
61.428415036574236
1360
59.00191346104662
1361
58.186345823570676
1362
56.42169950162036
1363
58.13694916782884
1364
62.07067815630441
1365
61.020186596250475
1366
57.816406497279445
1367
54.822436240625
1368
53.708924589404994
1369
54.49832191095758
1370
54.36878509699339
1371
56.10857609006493
1372
53.89720393988833
1373
51.75615392302075
1374
49.79111404382369
1375
47.251183915079274
1376
45.2489234111667
1377
43.88621054371668
1378
42.55946408818413
1379
41.31767029939867
1380
41.376137695190316
1381
43.22779034085771
1382
47.395061901668484
1383
53.9499602665363
1384
56.2969696610963
1385
47.44915330203501
1386
36.29226195853542
1387
30.151432910206168
1388
26.310261691953652
1389
23.660548153228806
1390
21.410439128854073
1391
19.24735851501504
1392
17.39994202161871
1393
16.471533302033404
1394
15.711036255628136
1395
15.746895543491467
1396
16.032541736724575
1397
17.337848848789395
1398
18.006199067790117
1399
19.9579287474718
1400
22.360845772612873
1401
26.576578657924912
1402
31.739608397526457
1403
39.757930123283245
1404
45.79447903596733
1405
50.535648870857585
1406
53.26639888182399
1407
55.200462028528015
1408
57.54193268535734
1409
59.8310343711251
1410
62.10110302928183
1411
65.55294783830747
1412
67.06349064230814
1413
64.5129948616054
1414
63.87510646980902
1415
65.74463264358774
1416
69.65243605624558
1417
76.1819396629679
1418
83.39846056611701
1419
95.07374129245139
1420
118.46700271421146
1421
100.74064134014864
1422
63.235763836881475
1423
53.35109349779778
1424
52.33856570579336
1425
53.002654544088706
1426
54.17764532807226
1427
54.6739758141381
1428
56.30111975089202
1429
55.57099655455141
1430
56.12024315181343
1431
54.69675014866118
1432
54.32725504107286
1433
53.17311608150854
1434
101.79764935982409
1435
118.85864530758131
1436
101.089079495385
1437
86.65345213697945
1438
84.28815106969601
1439
85.44016677363689
1440
101.01161644824415
1441
151.61545168444889
1442
106.54017937560778
1443
63.444793341131515
1444
55.57621001417757
1445
55.83253438139366
1446
56.26280752637766
1447
56.674969706650884
1448
59.92531017577111
1449
74.62476680703314
1450
75.2902428512104
1451
74.85667775516977
1452
74.66337980504551
1453
73.74008523112101
1454
66.63924614144496
1455
57.258277183749186
1456
50.46009012843426
1457
50.04224801761259
1458
50.83303181006519
1459
53.03049760549243
1460
53.96027529097833
1461
54.58135462394655
1462
54.0684481470116
1463
52.7549422162501
1464
50.94862125668428
1465
49.681191725752065
1466
48.53601575299269
1467
48.040642216223475
1468
47.56977068794547
1469
47.646389740779284
1470
47.70387716462636
1471
47.70690325565656
1472
48.7446056351134
1473
48.917030774803216
1474
50.17116816651996
1475
51.870603675454944
1476
53.20786115509402
1477
55.02181888088483
1478
59.26327481584752
1479
83.9912887619824
1480
92.95321202961908
1481
58.14195294775731
1482
49.39172797103444
1483
40.40860988285488
1484
42.951297283019265
1485
80.98455041903654
1486
121.27966388792728
1487
175.95635094538653
1488
104.01131858507574
1489
117.88922455328388
1490
62.31397751222208
1491
55.85835632632873
1492
54.24219981756633
1493
53.977442279102185
1494
51.6525621966179
1495
50.97761355488494
1496
49.58756544464274
1497
48.369456022448816
1498
48.08576432847799
1499
47.09481199625015
1500
46.960107497235995
1501
46.642320053153874
