2
12.850065981540622
3
18.321849778745612
4
19.040250304473584
5
16.31449544162068
6
21.940240746424003
7
15.902167276072678
8
18.044376045716266
9
24.21489819034589
10
20.316402245901028
11
34.29782815939728
12
46.469286232854294
13
53.293063255230415
14
64.37637948395269
15
71.32088140909977
16
74.77261130845673
17
89.21959518483548
18
109.47417764519868
19
63.59260434526555
20
71.19472370351441
21
72.28153696150403
22
75.451181762025
23
65.98334381213071
24
76.51198252736185
25
79.75292390961795
26
54.19000096554924
27
78.14166072780404
28
68.61318616710362
29
57.61766312347794
30
54.82137273948162
31
67.79052545123515
32
41.2177353007551
33
73.08765111568621
34
58.51018742402215
35
59.849555429620125
36
44.370918810434134
37
27.589032761273867
38
37.47196680740017
39
33.62345603397774
40
50.08718271527208
41
42.55334773193602
42
43.412694056105764
43
51.81988379908801
44
43.31803042931705
45
56.203767351699824
46
74.48250978091696
47
51.56109926041312
48
63.32567356702419
49
89.57175628817926
50
68.34655224971799
51
53.962872080554355
52
64.39715613087988
53
69.90848679435106
54
72.73935069968617
55
82.02348062488483
56
88.62798528894456
57
85.19952974000509
58
78.11266936579882
59
60.52338442514237
60
87.67081008975786
61
50.42320955946854
62
71.40988514763724
63
49.71342249387965
64
52.42002426411479
65
51.98957139655059
66
50.7282893674881
67
54.65592830718658
68
61.1314171720008
69
59.969297956861
70
60.885832239212725
71
78.62739862474439
72
74.64477066306125
73
77.87586442739216
74
77.96240209049894
75
63.403399996656034
76
62.38262470827656
77
73.42039046315458
78
68.15080207091678
79
62.81424061631712
80
77.24055397670041
81
58.59869008111786
82
55.84698812697672
83
73.29922000270703
84
47.06374485231917
85
51.71407716008172
86
51.23143013075489
87
49.66916667105253
88
72.65114688176818
89
48.82188951339649
90
61.66084318375308
91
50.02624609930738
92
52.95164653145905
93
58.21541209762966
94
69.38526960857095
95
74.36594251091547
96
64.76077343334661
97
69.55802126561454
98
62.761937755434715
99
71.44359029345283
100
69.90891674046034
101
72.61506265444527
102
58.798657448936886
103
54.042673264886204
104
54.173323614372215
105
72.35983946908374
106
53.772892802464185
107
86.90601814131645
108
72.32087403681399
109
63.95756745223635
110
69.88898114154749
111
52.442526753784406
112
69.25720112632932
113
55.64162667944928
114
74.50032347173746
115
93.13939088456561
116
67.97633462471583
117
72.49583407978285
118
58.198968059206976
119
71.58219070004853
120
90.61632070500683
121
71.87191271464593
122
60.659640288891644
123
68.12181001993108
124
51.490425603788324
125
61.92513160260393
126
43.896128086341776
127
56.75748575461029
128
55.405838599480134
129
44.191597413967166
130
57.326046735786285
131
52.20019125733807
132
62.02207729433643
133
48.381941168822635
134
52.70888257994226
135
38.954057860066435
136
68.98880868460877
137
62.998761280290054
138
86.10568432553538
139
70.65762969233295
140
66.53404372809295
141
64.31257531338376
142
62.013813703900645
143
63.18974236605006
144
66.16368104580981
145
61.80870686623018
146
64.25145751577372
147
66.61228337226669
148
60.781137872516034
149
44.30076621855942
150
41.7587396580395
151
71.57723997145247
152
56.345641756700815
153
44.41308793044668
154
55.04494635636792
155
73.11573463383372
156
54.201944656739535
157
49.928613121307315
158
63.11529432541452
159
63.854648871037305
160
56.42382542292459
161
51.64404422229056
162
56.735353054677944
163
65.12070340723608
164
73.1941145415635
165
60.02024456576933
166
65.90134305714335
167
61.58177545448778
168
70.27882975924682
169
60.4623536159793
170
67.3870919161676
171
63.802617500513094
172
55.6281778803837
173
65.78675453469599
174
54.60906166420774
175
60.024085304683965
176
54.01270878173878
177
52.17104389346763
178
58.589986548179795
179
45.69238132446984
180
68.62543631730982
181
58.9686012526738
182
69.57981998977769
183
56.74154136006889
184
77.09648342393245
185
74.29801572695317
186
76.93483167452598
187
45.98903537686545
188
56.90967990386172
189
45.78905371883436
190
40.30190366976164
191
43.180062779426464
192
56.576166286300854
193
55.13715224885658
194
50.17910743849729
195
62.55052143842425
196
56.621794986040925
197
52.18849560845423
198
69.51103568755887
199
65.63623042405662
200
58.54490494781476
201
52.13029645458773
202
53.7267454604353
203
49.92900460170587
204
52.624966497709735
205
60.97882169918881
206
68.20854702026418
207
57.13129438718113
208
71.73725236539258
209
73.17761728816939
210
53.07127172540943
211
74.92600162288015
212
76.10762534470436
213
69.92375683514165
214
71.45152701655155
215
78.3248621519304
216
65.2946509361465
217
86.18166433708753
218
74.88160984567868
219
64.33395575679619
220
69.07742557905952
221
67.00809703373548
222
61.224401121327475
223
67.15700832932448
224
77.24469563502741
225
74.07914984932495
226
73.18924119579519
227
77.82490469092477
228
70.3908385540803
229
85.27108642702964
230
80.85141170366258
231
76.72292128694023
232
71.03132368781341
233
66.07930438471503
234
78.09515615106386
235
72.42831377056883
236
83.67683568037864
237
80.9676490021922
238
69.73849770669037
239
60.0872598156156
240
67.19232073404417
241
70.51443463961418
242
61.42359801688101
243
76.52018046877562
244
77.15324524029752
245
58.88056349568036
246
76.05509146195772
247
68.96452239488443
248
80.41596545959504
249
78.58048821028508
250
65.73776741767863
251
64.25442852955898
252
68.20594635377917
253
58.530270672887006
254
67.80795763850686
255
56.11577734994748
256
71.65454845597463
257
66.74113140801788
258
65.80901300747267
259
70.90469512326564
260
89.66458336126792
261
77.22910918291679
262
76.76158344226451
263
85.32677802457492
264
79.38870261454996
265
78.15094471153095
266
79.78061226206309
267
78.0583935440191
268
85.48869969877389
269
66.21340810207747
270
68.87096981086187
271
76.57344641567705
272
81.44564409470777
273
72.01277828817716
274
78.4517894670681
275
76.3995770692033
276
67.59135411095525
277
75.77835690984864
278
79.32721081651351
279
84.21155084769556
280
85.87024352752928
281
80.0230580074471
282
87.76314627918332
283
90.05686241307748
284
73.00760063864746
285
85.63723176567224
286
80.44720111083919
287
72.14155152837132
288
80.80429915347705
289
88.19063997971489
290
70.77519038323742
291
79.77800747033203
292
87.1372446284438
293
91.0023643075252
294
84.41813870867098
295
72.21458675545644
296
90.16519073541113
297
96.6698072587792
298
82.72451775287631
299
79.69930751786055
300
83.10607488210636
301
89.76914447611408
302
70.71795811166582
303
68.86208736013043
304
47.954894010626646
305
69.78023288621591
306
77.74317505542868
307
90.71190545579428
308
61.432641160383476
309
63.59626742813334
310
81.01434868874814
311
83.14530928626247
312
65.42265264632445
313
74.43787338228381
314
78.19103165560894
315
69.93917344321548
316
75.16384007677694
317
89.16750918915886
318
84.90680814008465
319
84.20238772189361
320
82.7478328089827
321
97.49739129910762
322
74.21090777087097
323
86.39165780639135
324
78.53305738496869
325
83.3982915372593
326
80.0498677139226
327
82.36284380576343
328
88.99947741614527
329
87.34752349745911
330
82.25240435084976
331
81.59156842263666
332
79.16190751736099
333
84.06066782173991
334
80.24503053120758
335
74.77123471553722
336
82.8153691788677
337
82.43366080805912
338
76.8747312190682
339
65.92385802920505
340
84.03236098036436
341
76.9495121707689
342
70.49868571682056
343
69.00915151285625
344
78.07542099947142
345
82.03396201256878
346
92.68141048964382
347
73.53674499948033
348
75.23990510019117
349
87.8881366761074
350
66.99649599551779
351
77.18051301098178
352
77.12627577698919
353
80.37322124165922
354
69.06071559138105
355
78.92494693239279
356
75.9949518897087
357
83.73459875123523
358
73.771916493262
359
79.2117871249292
360
76.4015828376036
361
73.76930276920831
362
79.26655056569346
363
89.262360658209
364
90.02509595513092
365
83.28816004793033
366
87.34269649881587
367
79.03717199275377
368
84.99806643754941
369
85.04695281596072
370
86.45607738326689
371
81.75290337250054
372
72.00133861893123
373
71.72525475160039
374
67.77648069504073
375
67.48040196035977
376
67.8619749381496
377
68.33158250069138
378
76.58792794503965
379
76.83388776602438
380
78.04402836665962
381
77.58550663685554
382
78.80876472210808
383
82.65161252264713
384
72.88466881014767
385
79.71968087528326
386
87.5286700570024
387
87.57720840794808
388
84.10439656354774
389
86.80850566763584
390
88.5885696763436
391
89.24644635331327
392
87.04963270477923
393
84.66149547474664
394
85.10765347898472
395
80.30673290252483
396
79.04439670774539
397
73.98152701034404
398
74.62320770135983
399
78.92134271256826
400
83.78112326754079
401
76.18955224992925
402
88.9875874688524
403
76.74862440709144
404
88.55666356188368
405
80.82772769336866
406
77.48380231299865
407
78.4661808021444
408
85.05417011565815
409
77.43424620650264
410
86.2214674097645
411
89.78001956672203
412
74.9489607291804
413
83.30230783017488
414
94.36803641891282
415
92.12997431987107
416
92.98608514327248
417
84.86870188579346
418
95.31681867976845
419
85.34726962572483
420
83.59397783539127
421
105.08142843404279
422
88.28261074582156
423
89.72860194180558
424
90.54071128933779
425
81.35344516146891
426
86.01590528651909
427
88.69403232838091
428
86.36566348814809
429
80.79201984175491
430
83.60261200521083
431
87.94316257947453
432
85.1702659027502
433
89.78706812502891
434
84.37825391801191
435
87.89528686017532
436
90.44149656318706
437
94.79608391183893
438
93.68352240941388
439
79.818972645864
440
78.40529478449716
441
74.94148724240505
442
81.14941575235554
443
78.67540646941555
444
74.86597451913516
445
78.76717683416803
446
72.54244291380108
447
70.55207195479636
448
74.1425121932034
449
72.48117520873981
450
68.7970171203903
451
71.35845556403126
452
73.25299160364595
453
67.07188216320448
454
75.23351928229565
455
76.31566274485442
456
74.01806302745038
457
81.84201383021075
458
84.8448782938752
459
90.9593996328217
460
92.37272725844497
461
84.31331791959806
462
79.92867195140816
463
76.16059673721243
464
74.3711600040175
465
77.40390795284321
466
77.41345567012463
467
79.28548627597588
468
76.85215494966818
469
76.10652555212388
470
82.11994069237578
471
76.12988473019362
472
78.26101576180136
473
80.48299804668459
474
75.23060159177967
475
85.67173342664357
476
81.4579806318333
477
87.5995245303901
478
83.55566643237164
479
77.37964978635972
480
78.20669706997934
481
74.50242775348757
482
81.90385784430877
483
81.75146865226638
484
77.13702035233457
485
75.50754894179991
486
82.07823977333456
487
90.23613932926295
488
85.06762791645792
489
84.99475286363207
490
91.84515971732822
491
80.93677138533009
492
93.49441527740936
493
84.85694265517331
494
82.23871450432169
495
90.53061733989662
496
83.06441346564907
497
79.27503317261687
498
64.01497992819024
499
67.10436382820937
500
75.56309911255417
501
69.77604048895196
502
68.31448893159376
503
66.53160784131181
504
72.66388016071153
505
72.96576176642266
506
70.94940638668653
507
75.26020363786253
508
76.10177221575428
509
72.41576204356228
510
76.72263495479534
511
78.51171182120515
512
82.01864182407091
513
80.35442207046998
514
69.21264773053822
515
68.07408798843652
516
72.85216220773086
517
70.50330270349484
518
71.1660941198759
519
68.59953329967038
520
67.91876047877612
521
70.93904487067799
522
67.8960910464836
523
68.7467906238032
524
66.8028672602773
525
70.31736927303368
526
81.27636242146596
527
87.85755415167192
528
68.23002879741871
529
83.30819786242455
530
83.58920366127363
531
73.3822220973938
532
86.31785931973822
533
106.36547258090928
534
92.9186515602059
535
87.94330552130829
536
78.80462379687341
537
76.53238728280128
538
74.25628504925348
539
80.20087321264549
540
68.00921341952164
541
72.49816856243424
542
71.35318069540159
543
73.91451453093836
544
66.85725163017035
545
76.41368417400169
546
70.572223118382
547
65.59297556676889
548
68.71525240736369
549
68.9077984097054
550
74.52189218022217
551
71.49449780685369
552
74.10239108506842
553
75.06115012694568
554
71.71796264104064
555
78.09416385977609
556
74.16895831568705
557
75.46587990713724
558
79.66405964071632
559
76.23727415674706
560
76.73281020630863
561
82.38346386981546
562
80.46588658221921
563
77.94072217437191
564
85.04432899733865
565
84.00371164826929
566
91.20105808016724
567
84.18503463964676
568
92.86758342662753
569
86.67951867071436
570
85.77699456946821
571
91.21122235446278
572
90.01117784383558
573
85.606087069988
574
92.69188892564665
575
78.89997646325715
576
72.68733640767461
577
70.43568522529534
578
62.97635889970677
579
62.90706624374473
580
62.5592686277379
581
63.147843145977006
582
63.4203054393296
583
61.135514311085466
584
64.32639665269464
585
64.51403889053539
586
62.75898953467307
587
58.8430120725032
588
60.35689591980154
589
64.03228971389707
590
64.66162833586776
591
65.060869542143
592
65.99725609038563
593
68.07404663899722
594
63.53694211822269
595
68.86293999640507
596
75.00879518732674
597
73.2490319971737
598
70.9750377980001
599
69.10934589071225
600
78.56593376243436
601
71.89306843731113
602
77.44613424901185
603
76.88674146852706
604
70.19708055402666
605
68.37797270685988
606
71.5268553889583
607
68.63589829186016
608
61.91428281206591
609
61.031502781424365
610
62.10816952061257
611
63.09527038176071
612
67.71765657841848
613
66.05300673997236
614
64.84582922679569
615
68.86787177596531
616
69.49876873293174
617
68.07503275452204
618
69.60226702888563
619
67.20212155690737
620
73.93075414483019
621
74.24184811925326
622
77.47380267424657
623
78.17503940993502
624
92.03770272791502
625
80.7693043495054
626
74.039633523906
627
85.30067303502744
628
82.24865344403625
629
77.92385751914964
630
71.8831636853259
631
65.907591999582
632
69.3697507588132
633
66.8305594673834
634
67.25223822725525
635
64.49726631797662
636
64.71521985875592
637
59.438290987934764
638
61.379749382154856
639
59.022268521497125
640
65.06906927835463
641
59.80351488395839
642
60.1394238530762
643
59.33549573161845
644
66.28405740239616
645
66.13619025139928
646
71.03214086087259
647
68.35647753136193
648
74.46549581661925
649
73.30576808367026
650
73.22638982294194
651
68.17747185019468
652
74.82548531116394
653
66.03773444997984
654
66.88881882847672
655
68.11410691547363
656
69.24108400535494
657
70.25668854456947
658
70.51379224750487
659
72.08013281901569
660
78.27303006291858
661
88.47483011860088
662
90.6217856977243
663
90.69299049771317
664
101.9818251489299
665
94.89667969256749
666
112.63884035638327
667
99.14892389916363
668
90.00864778489269
669
90.8887658524627
670
83.93782313295723
671
88.82739746624765
672
64.26763993539579
673
64.11437624045799
674
63.51398595173046
675
62.69462206187143
676
58.66484221053992
677
60.68260621473158
678
65.28960778854007
679
66.51883826342247
680
71.40870619483334
681
66.45979378135044
682
73.16485500134468
683
82.21807279246663
684
87.44229956664317
685
109.78190567928085
686
122.48585662748621
687
127.69000378452758
688
119.54524212538404
689
115.27566514387048
690
99.97118310860016
691
91.30944571894175
692
80.12268104456307
693
65.38403182807167
694
58.68942836738571
695
61.73215269704127
696
58.872580196486524
697
60.05472838814207
698
62.32954572304203
699
55.67639596434686
700
60.1047824863238
701
57.422222791144684
702
59.27548689459887
703
63.351864925173444
704
65.41041767914724
705
60.65033361415602
706
70.12012504828988
707
61.83175831201159
708
70.8222906476611
709
71.51365589591173
710
69.6766654529785
711
73.41890348037032
712
78.549733915628
713
71.30150330908334
714
72.26117162716892
715
70.64070235613741
716
65.26650633078792
717
73.08245885484808
718
72.58756182904511
719
70.96710031086005
720
68.89461154441129
721
74.12997663341565
722
71.81020393788744
723
66.19050497516528
724
66.3782314623773
725
65.81539715566477
726
61.525846117966864
727
58.74026174541263
728
66.3174449426674
729
58.75002409186881
730
60.76962665569058
731
68.72758064912492
732
69.14836487197593
733
60.68246046908918
734
71.06210882001653
735
64.52183727732736
736
70.03161826682403
737
65.48881744747968
738
67.63877412799803
739
68.24138750798537
740
66.2986683114562
741
72.31415738836866
742
74.61893394100292
743
73.16944000624869
744
81.80530925415562
745
69.80304573413893
746
74.11468802055593
747
78.17828632837117
748
79.1424596208973
749
73.34295074524104
750
73.42284537458268
751
72.85316655181637
752
76.0200242274068
753
78.79229454484926
754
70.88373411342482
755
71.52369516808581
756
75.66619442234287
757
82.46678566459369
758
72.85113584725615
759
95.65757108437055
760
77.87735925922
761
85.45059086107891
762
77.56327206447628
763
66.51345340341908
764
67.74057962460286
765
70.50727051791664
766
64.40110931517337
767
58.379625791088294
768
57.37759398408657
769
60.240279662131556
770
60.468220022584916
771
59.464321377385836
772
60.4691005725452
773
61.96859795654588
774
60.01076260611341
775
57.783168381439914
776
59.44783528888889
777
62.37052528783963
778
68.88853517465753
779
69.3518364574272
780
99.66544201287027
781
90.45566988678293
782
114.32376105384974
783
113.38813683327561
784
107.00027092950731
785
114.46556962506008
786
94.58760164413742
787
89.74469434586071
788
81.15808400929096
789
67.32180377560671
790
64.35376606611564
791
68.32421763146795
792
72.29798203759107
793
73.04907281633918
794
71.82894894359268
795
76.28887231096644
796
70.24575026117157
797
74.0594795001343
798
77.8519890071463
799
70.0791405217796
800
79.06785163167929
801
75.01059671500936
802
86.26932745862334
803
85.62108854953436
804
78.283649975476
805
81.1259234551417
806
78.95157290592485
807
84.7354114369104
808
94.02277393479545
809
103.28193475934494
810
97.13676317340926
811
129.4976358670853
812
121.72659008342326
813
118.31462784366134
814
128.04096267601565
815
99.78580716735657
816
83.6414135763142
817
88.99844873312185
818
67.66183831868283
819
78.4959966764797
820
73.93519751403896
821
66.57042137042146
822
67.01234434981168
823
72.63740739880095
824
66.78898194448819
825
60.647543436401854
826
73.0211355779625
827
65.14668743196697
828
68.77392573499614
829
63.7828022794742
830
73.68694615811674
831
66.76687201443164
832
70.81783523499875
833
62.935644162745156
834
57.72928292647483
835
58.98296828681751
836
58.7640385271347
837
61.51356616146015
838
60.35724861420639
839
59.248516957426034
840
65.64324066516579
841
67.39070465561495
842
71.1677291448239
843
71.23755646029595
844
67.38952511671752
845
71.99682146832056
846
72.99031311199663
847
72.11608254240925
848
65.68255464451609
849
65.55825807293245
850
77.03708490363577
851
72.19541247752265
852
65.16582531523264
853
65.5791640157445
854
69.94141597411031
855
67.65517979560364
856
86.87471924949628
857
80.3214175696317
858
90.25820687006545
859
113.51550145781623
860
112.48305268802018
861
133.5388439933904
862
142.14380038172987
863
125.20467661408048
864
128.0920422964264
865
135.21210676214716
866
112.83182049734617
867
103.41212676986136
868
91.19138953096764
869
87.01033171793605
870
73.80971587672481
871
64.48133086939053
872
65.48829458270912
873
65.5611867113724
874
75.03553507978577
875
67.55326085539843
876
102.16572573123482
877
132.19656857621328
878
162.8210719571835
879
196.6356294173371
880
189.74763222187204
881
200.02376303576432
882
194.86591113210807
883
195.2487346153437
884
195.1752174877223
885
178.31539198183646
886
173.59441023519943
887
154.83362158303746
888
134.11234470197562
889
111.14547537047007
890
86.41829168967274
891
90.42313986044265
892
87.6524290517211
893
73.63840664395495
894
67.73136280903806
895
65.63599122260293
896
67.85679644379354
897
66.48130693987801
898
72.35474657393783
899
78.68097399998784
900
81.99128752086249
901
87.55118517996512
902
94.60885017154465
903
96.28335848532474
904
103.05912059865945
905
94.78939738002745
906
108.795662144365
907
117.97212197923017
908
120.62084336568039
909
133.97669113011008
910
139.13653897453776
911
145.74357743097562
912
149.36965988934426
913
155.72294891457278
914
164.07633181265598
915
157.77581398685462
916
149.45341002726676
917
139.84007158099607
918
145.1839727988836
919
156.03157485353185
920
158.68631066168726
921
176.49946750101105
922
180.4286812396389
923
181.5693216752599
924
177.68758968973341
925
173.9657600524454
926
192.406596633807
927
190.891642547645
928
173.1493139725169
929
184.8679058643208
930
168.38276767199574
931
166.5537877243344
932
168.20507386515084
933
167.48897410321916
934
170.8725948251971
935
169.92721658181333
936
164.63946391019496
937
142.00862865241476
938
144.17833826991992
939
130.9679811045222
940
129.96973328133035
941
111.94015692266149
942
130.88355759657503
943
138.12717981988422
944
149.08873536073088
945
166.00505106410685
946
142.87608917061635
947
167.99103638743748
948
188.96393953991546
949
163.43688273625946
950
160.45013796229657
951
158.55458822646426
952
166.53556721012455
953
156.39049623225856
954
149.93419994674005
955
138.89656901087363
956
148.26010614573656
957
137.81664878322135
958
133.84673227428848
959
135.37866565475758
960
119.34290517511707
961
122.17112498326901
962
136.77127225056864
963
150.0202598733612
964
184.93807431397218
965
197.4474792668123
966
194.7585775522771
967
204.78952997441388
968
192.44516629193473
969
203.20643513315903
970
196.35989680707652
971
186.58355679325405
972
177.19802802654817
973
140.21738827514136
974
118.5560316707139
975
105.4036890468208
976
83.1449210460801
977
78.09429274570205
978
72.18333405629312
979
70.10196466129791
980
75.09354840692366
981
71.05045155422447
982
76.29599574724809
983
89.16390853286867
984
97.70231485521211
985
106.45495262240897
986
128.0832090714289
987
147.7947906810366
988
166.8244688417808
989
192.35455229182114
990
188.38938624884707
991
198.7328167429133
992
200.4955496409939
993
208.3840482714985
994
209.53984292361574
995
206.83261966435884
996
207.51299976893677
997
201.13031987180784
998
193.0389724149077
999
162.22088323535297
1000
140.47635461950802
1001
101.59296376070017
1002
93.54873561106747
1003
83.58140928143014
1004
80.98289968923815
1005
80.23534355060161
1006
83.2656501837829
1007
93.69304678459339
1008
112.18417686473893
1009
136.5557718057909
1010
168.89396943371557
1011
187.97421932980052
1012
191.18017416784662
1013
197.90323895110828
1014
191.32094767294564
1015
197.67261300793152
1016
192.8227413586994
1017
187.34415334722692
1018
182.0390739629198
1019
183.20405919054798
1020
163.1783220953858
1021
156.7687899501627
1022
167.25132520738663
1023
168.3819029508146
1024
153.5605000714442
1025
173.56775187184667
1026
184.69611719792587
1027
190.38439553028297
1028
191.9506734536837
1029
188.05842908671053
1030
191.289219941244
1031
190.71889699214137
1032
190.3457647951687
1033
191.6576624105901
1034
188.55159673191628
1035
187.93933446368757
1036
186.93465582549774
1037
185.96579610669355
1038
188.8344970139193
1039
188.0127303397511
1040
186.3514180785922
1041
176.18759414751557
1042
164.46342199906508
1043
164.35124429086224
1044
128.21447564486883
1045
117.82132808686062
1046
113.77085869057892
1047
89.79256395182209
1048
104.67538992376149
1049
125.60594353808719
1050
139.44546952433976
1051
133.98938012480826
1052
166.77124939059055
1053
148.7805434225051
1054
169.78170737082635
1055
193.66680076138172
1056
196.42289795626633
1057
195.02277955492985
1058
203.64407089924018
1059
194.93472383460903
1060
199.32836981161938
1061
196.39056326546614
1062
195.80652183644685
1063
193.77769153183417
1064
197.8475177069911
1065
196.91167006808772
1066
197.28793404910311
1067
192.68595572215864
1068
195.19570652936684
1069
188.3507218644411
1070
191.8486279440234
1071
191.04014554981842
1072
183.98622039106343
1073
178.60854458321288
1074
180.64756549189116
1075
176.64612987125318
1076
172.54355048336865
1077
170.9140291911264
1078
165.8524053378376
1079
174.97223513450524
1080
170.44246866950274
1081
170.51622313793342
1082
174.74783475679232
1083
160.90291858944903
1084
165.87353047819641
1085
148.34820759154115
1086
142.79196925904873
1087
158.6028346689195
1088
157.5945049970547
1089
161.05832586717048
1090
163.43816022788806
1091
162.53936224327776
1092
156.2559023993923
1093
142.98516730778925
1094
107.59889344962038
1095
106.75783994752891
1096
79.63286095460654
1097
79.14903391715394
1098
79.25388280131605
1099
97.1882832719269
1100
135.09112260971008
1101
160.24574558665793
1102
168.83568302181226
1103
173.34421579479186
1104
184.4161584592118
1105
187.3720326412321
1106
171.87888285747403
1107
176.5278324533321
1108
171.84165792285611
1109
167.40553101049318
1110
159.8595919079546
1111
150.97580502883596
1112
154.7503731790901
1113
146.1095585185566
1114
126.80878781696575
1115
104.20525926604287
1116
96.01067714412521
1117
107.45214054545869
1118
89.32101579824042
1119
91.55978116676143
1120
100.52213396917463
1121
106.54167327625844
1122
128.3047626766547
1123
146.24957120551608
1124
152.68555270424113
1125
149.97094632274633
1126
153.80789154154118
1127
137.27397913679496
1128
138.454616104354
1129
138.11946978109006
1130
135.62727536079876
1131
134.32324358571458
1132
120.66244177566408
1133
122.87377235839888
1134
135.3943807060054
1135
137.67107554294253
1136
137.3108182240651
1137
149.157682543759
1138
148.600854074126
1139
167.81026054100383
1140
175.70785454290788
1141
180.28742804615527
1142
183.15102914940843
1143
180.65621199995118
1144
170.579626665755
1145
169.29362478193562
1146
173.42367884305375
1147
175.77835553541834
1148
168.42415688300932
1149
159.64395466938876
1150
144.7974792708189
1151
120.15040226508361
1152
91.25648570645905
1153
94.84661558982174
1154
85.10534622510106
1155
112.3498624160239
1156
129.13460729306436
1157
136.24894263406972
1158
140.15514850097009
1159
151.8565111459531
1160
178.55999127256004
1161
179.90752437117482
1162
171.44019347245927
1163
166.49680826891307
1164
178.8437745270671
1165
178.96723861628954
1166
160.78965642385617
1167
161.94207197632667
1168
138.60224565537663
1169
105.64791332186498
1170
93.61984071306055
1171
97.82096781071202
1172
81.51112239561202
1173
73.60041264235605
1174
76.92631838702245
1175
83.2578774390533
1176
87.34506946212933
1177
96.72677836999782
1178
104.32120640062237
1179
117.45988714079758
1180
129.8763822177479
1181
143.7723152213447
1182
145.30398137022084
1183
169.27046487242973
1184
185.50948513275512
1185
199.97402985429042
1186
206.65233106319891
1187
207.18992653207712
1188
196.46101937902134
1189
201.3217314428979
1190
199.89548695908155
1191
184.17736275491708
1192
176.46626756666498
1193
165.4560022916251
1194
147.68819851473526
1195
110.43722559165428
1196
104.51840153621245
1197
93.21895736142709
1198
86.44159022504337
1199
101.35694442228879
1200
114.39083009600964
1201
101.03738765828166
1202
113.32314815494499
1203
115.46767824452404
1204
122.29734922678033
1205
144.95131470956505
1206
129.2102245263587
1207
127.40539643369462
1208
164.22914206093913
1209
172.9660154090473
1210
178.01434559004664
1211
181.71168429271984
1212
181.00377215288526
1213
181.53025813814247
1214
182.84130704100366
1215
187.60724495856624
1216
189.73063545205778
1217
189.98621152572534
1218
190.2358193514754
1219
186.50057978377163
1220
196.40908176278947
1221
183.16561388167415
1222
188.00502738961478
1223
166.45868366168608
1224
160.30749767679922
1225
161.60143594838186
1226
171.80979102359137
1227
148.25627200907422
1228
156.95672229154704
1229
145.9977938649411
1230
143.36731076764974
1231
137.02745017928754
1232
144.47752498274482
1233
142.73434914819472
1234
154.0504902273429
1235
152.35468565227288
1236
165.13188054559498
1237
161.71546192302768
1238
167.23908167823348
1239
156.5604339299011
1240
157.12691261802385
1241
167.04446420073143
1242
184.07044266782358
1243
184.9682417234873
1244
184.85712379823227
1245
194.4258000275082
1246
189.5317123888405
1247
194.25025553756765
1248
182.65849661841142
1249
179.63532473315726
1250
183.85018132344248
1251
182.9467556864104
1252
179.8541812972233
1253
183.57326759735994
1254
174.68755996132006
1255
168.2093655098152
1256
155.92373469938613
1257
140.81518525285583
1258
128.79825942243164
1259
101.40725186830362
1260
117.99943727204341
1261
100.62845948506147
1262
96.51167379887703
1263
100.2179705762558
1264
102.32876809353824
1265
144.08487105852987
1266
138.04132833857022
1267
150.60066678907393
1268
168.54264972162153
1269
175.8658872406021
1270
177.92786940804405
1271
174.08805432334083
1272
183.40904955355657
1273
173.50663570047692
1274
185.2070590423991
1275
189.53934823878168
1276
181.76903216206708
1277
185.92656532583655
1278
182.79516337597514
1279
189.63035311101711
1280
186.91804909392266
1281
187.0940670376548
1282
187.33210518113944
1283
188.61920246763165
1284
187.38298140793816
1285
191.73560700440868
1286
190.41404264855845
1287
187.94225235206665
1288
188.75461356825068
1289
187.5749117236019
1290
185.74105307503413
1291
161.22887936649778
1292
151.4722872758887
1293
126.41634649498747
1294
128.02733010395622
1295
101.48023026493654
1296
97.06172203691654
1297
92.86173576758506
1298
108.3891850426811
1299
109.83884534069
1300
137.62325866196218
1301
173.4909890446956
1302
178.46075907288926
1303
170.1229184244843
1304
163.41103742009165
1305
155.77601170272132
1306
149.3939200124101
1307
144.13532927308827
1308
141.12408046701253
1309
144.23831576841448
1310
176.62156838982614
1311
165.1368450511922
1312
162.416764194193
1313
159.00833885408477
1314
172.82002288393525
1315
165.04217599690534
1316
183.55216088755998
1317
170.38417515937704
1318
189.42569726053034
1319
175.0784847538503
1320
175.5924593288202
1321
188.73038011370133
1322
173.01747225146917
1323
185.48065197788898
1324
182.87135423603115
1325
187.67291832819063
1326
183.33758331002855
1327
184.5835467508103
1328
193.3333336768062
1329
191.4429797414733
1330
195.43176925399874
1331
200.79751489466045
1332
200.8677456241897
1333
199.77134715041439
1334
201.16695551324665
1335
192.06202020425874
1336
179.388663975808
1337
158.99331817890368
1338
152.41821708292792
1339
125.24832922894876
1340
126.4222983645146
1341
116.64036680878577
1342
95.70860165855815
1343
116.37678098855982
1344
110.18332939939079
1345
118.58575418184664
1346
122.71038949859222
1347
138.70159188024252
1348
148.0430708599499
1349
129.57800979021056
1350
120.41274012295634
1351
147.47008587164245
1352
119.82233469133656
1353
141.65745656586594
1354
140.5385308945815
1355
149.1596696438572
1356
138.01294950188765
1357
131.54798866192425
1358
122.29464068451887
1359
119.93567428408775
1360
117.76321607270654
1361
96.46169214873186
1362
92.05101583678928
1363
81.16738907607984
1364
101.31151844246327
1365
88.69713212477576
1366
109.25347354995667
1367
130.92313838698468
1368
138.77565350110882
1369
158.01377495390383
1370
158.8579739286535
1371
167.62087284557765
1372
145.46919164555675
1373
135.22300571701797
1374
110.75578636726195
1375
102.25480439704434
1376
97.91860407443404
1377
74.56067591330289
1378
75.60562646693391
1379
74.12969082785372
1380
87.63450407352978
1381
98.82406724584317
1382
117.84299387280335
1383
144.76293743078875
1384
160.919607954286
1385
163.25756366886557
1386
175.86572086541833
1387
181.72864094680816
1388
184.73656692167134
1389
184.5632814568401
1390
187.99386450004755
1391
194.42933061995765
1392
199.87195067936287
1393
202.25707649100474
1394
197.62021985214685
1395
202.85180200847907
1396
194.90486330533622
1397
156.70492120261943
1398
187.7041914913898
1399
180.8708948420523
1400
163.9594886538858
1401
150.7502265682363
1402
144.9425082227484
1403
130.22601084218374
1404
118.639913297802
1405
113.49921249379241
1406
99.98890599895904
1407
141.6355113524906
1408
134.16032665403878
1409
152.1903661318975
1410
144.95319887244202
1411
154.83694239761783
1412
147.2983349091057
1413
159.53061785934676
1414
154.64162402722923
1415
140.5606067498243
1416
110.30988592649562
1417
108.97948597456008
1418
87.26785044384683
1419
77.12736078856985
1420
86.32955798992013
1421
71.26404508370572
1422
81.2078822686497
1423
73.0405710287751
1424
87.55580785037425
1425
83.00003947133615
1426
89.2904242426209
1427
112.01198702197082
1428
120.13647362883239
1429
105.33144161471377
1430
117.00332340633611
1431
118.86459543111164
1432
97.97985318109495
1433
99.68925624860928
1434
99.71794886033153
1435
111.77600360382881
1436
115.37707662853349
1437
111.22137086014052
1438
130.02226173949506
1439
133.72104267935745
1440
144.0724681419545
1441
166.8954976244327
1442
157.8662173135442
1443
151.9132641138324
1444
153.87007596988832
1445
156.31158643380613
1446
159.77876380829315
1447
146.703285913136
1448
143.06270867033587
1449
117.19995600110371
1450
113.89470347219311
1451
133.23859059586562
1452
115.65034844171028
1453
131.35501187743108
1454
140.14577914256273
1455
106.76189769483767
1456
106.71354232848108
1457
107.52201918193879
1458
86.96372584735487
1459
95.904266145627
1460
88.36239327370008
1461
94.69447583752671
1462
113.41056905538375
1463
98.89035552033212
1464
127.10229352824432
1465
145.23447288421156
1466
150.5029757021816
1467
158.12915528872045
1468
170.6710195930009
1469
172.34882054999144
1470
173.4787326092214
1471
145.75648338022495
1472
151.52366974737825
1473
159.69303805394097
1474
132.2372500506386
1475
127.97325336043505
1476
144.82862747493604
1477
137.2978885336952
1478
176.25803473485146
1479
163.83961362051468
1480
160.361019043732
1481
178.87423173962696
1482
174.5114968425891
1483
182.4192282796305
1484
191.12378129805367
1485
184.42054270693643
1486
189.2969524097228
1487
192.00903520440076
1488
191.67469696793523
1489
184.94198644622068
1490
167.9378087522606
1491
147.36840385455807
1492
161.9032534475775
1493
164.81908624242226
1494
165.90671207379165
1495
162.22796735280863
1496
165.45171628063449
1497
183.92952830512692
1498
174.70250328052586
1499
177.53727889400434
1500
184.203900359268
1501
184.45201637952175
1502
180.40215365190866
1503
177.9856413242716
1504
181.8240504923067
1505
185.4634640699041
1506
187.78040878449056
1507
189.54303505584164
1508
187.0889239390943
1509
184.20125485286246
1510
186.47952883109426
1511
183.81267276157263
1512
185.0500366475276
1513
176.83363723024962
1514
162.57315408728394
1515
166.11401545266745
1516
154.67984903945015
1517
120.78692300167691
1518
113.12532659842977
1519
89.46232359844778
1520
75.12913026357299
1521
72.91019949417591
1522
55.30377353592685
1523
55.543116126766776
1524
59.988735025033435
1525
64.9047076148974
1526
84.00246103579384
1527
99.31643622889439
1528
140.36229599966208
1529
137.9383623586424
1530
175.6184630626955
1531
181.3045650307499
1532
188.92943079088363
1533
189.4125743738812
1534
188.82632181569102
1535
190.68314947507216
1536
188.82584349363225
1537
187.96616000927975
1538
191.13659961011578
1539
189.8219591467309
1540
176.5023313103956
1541
188.7711417051184
1542
170.1800556765487
1543
161.01359838763966
1544
132.20045010111727
1545
132.13614517676223
1546
120.33779090591588
1547
117.56637090671306
1548
139.1283234605181
1549
133.10900833907232
1550
136.41058419568486
1551
145.35488283546925
1552
154.25819032245772
1553
153.18201094370778
1554
144.0769219887804
1555
154.88137197671418
1556
142.11179918709828
1557
142.21792888966237
1558
159.7843344044938
1559
156.10913867260203
1560
160.8457905551676
1561
165.0762878341746
1562
174.0792008900733
1563
178.0799869604907
1564
166.72206769081174
1565
186.73296923804935
1566
175.72230934667004
1567
165.24155966935655
1568
157.76821786014054
1569
155.43604255898947
1570
166.5843918143117
1571
150.074968875862
1572
136.97657126762215
1573
148.07145889290317
1574
134.3760986924989
1575
142.78315796999127
1576
130.37933040637628
1577
130.19161475909027
1578
121.62167117395833
1579
112.09512852586059
1580
115.38995271214745
1581
100.24970003917035
1582
89.74020882532164
1583
66.28827033470426
1584
63.09724292435536
1585
58.79531632669835
1586
61.504517935320536
1587
79.83363112432478
1588
66.55634111253698
1589
93.53182406589964
1590
121.52503508673595
1591
143.8269034600808
1592
165.84214305492333
1593
174.90308965675172
1594
179.37037039332088
1595
179.25626975919
1596
177.79808115633386
1597
172.7631598160074
1598
178.153744143912
1599
177.5291659355072
1600
178.79517480003736
1601
178.8157377648812
1602
178.93716940227523
1603
178.68776266649675
1604
181.49339563447813
1605
179.0409906540155
1606
180.8291005649262
1607
178.3991671142036
1608
181.42661478172184
1609
182.25315431877465
1610
181.250705896374
1611
169.50651722278852
1612
178.7042232152013
1613
180.3920575170496
1614
171.38554652909554
1615
172.8872709029828
1616
156.54281121152815
1617
146.67837210147482
1618
148.89435157580647
1619
124.19185068346461
1620
166.20120170767487
1621
150.22546568893597
1622
156.55730718242683
1623
178.10555564059766
1624
176.70209564562464
1625
184.38473678428298
1626
182.73239142964547
1627
186.28046151691055
1628
184.12763731001814
1629
177.30453341852314
1630
178.92753356800205
1631
179.05046808251925
1632
176.32987647981568
1633
166.39018710262548
1634
163.99095653778957
1635
157.0193344053344
1636
185.15177392944858
1637
182.8223749647136
1638
185.95512921947073
1639
180.20012163831768
1640
187.00775311829122
1641
192.24349957119156
1642
185.03716601943577
1643
180.12559896154124
1644
187.33167513156206
1645
175.81278241453387
1646
165.06392009510603
1647
172.72060281705734
1648
161.4739414199461
1649
170.5762161766258
1650
166.09656269873636
1651
158.6982279235613
1652
185.0125062619164
1653
181.48726749350078
1654
181.8434359743116
1655
175.42689965014347
1656
158.31026002670455
1657
168.07328330547855
1658
145.4396438314172
1659
122.5594092895737
1660
125.68383556342118
1661
108.19718235115378
1662
80.8624564395042
1663
80.99793794949368
1664
73.01091984984593
1665
65.31888248306262
1666
80.83166537872718
1667
64.12073677615292
1668
59.93293077919777
1669
58.19590855145148
1670
68.26792762194869
1671
81.76515509661218
1672
102.11499280307869
1673
100.70355367078169
1674
96.98647783418737
1675
111.53837772355116
1676
143.7157261795843
1677
140.46934807127425
1678
158.2749914018695
1679
176.64849482700427
1680
175.56371215923411
1681
180.07078031646589
1682
173.88003122236927
1683
179.48547010032638
1684
178.28146167982507
1685
179.26997433196357
1686
178.73092806824633
1687
178.10025551119367
1688
178.2535857582093
1689
177.82288761986595
1690
178.16464611467742
1691
173.94522379687768
1692
176.13328739058747
1693
174.3017148110847
1694
165.30547661423805
1695
163.07144298232896
1696
180.26549593786038
1697
170.14869278502906
1698
179.9782349946094
1699
180.43168623869454
1700
177.2550777648209
1701
178.40817996382748
1702
179.00324831087138
1703
180.0968415267119
1704
177.91791357428855
1705
171.3549513309579
1706
172.00839918015163
1707
170.6811853266416
1708
164.42043329443902
1709
146.1239606102706
1710
150.67202034430483
1711
149.63355529143175
1712
137.98268914460445
1713
150.25636701880111
1714
141.92491353688862
1715
141.37645656813058
1716
162.3925076456054
1717
144.3474106372961
1718
136.7513861840884
1719
146.86680274947585
1720
142.9000225823771
1721
135.68853562194045
1722
145.6185910700681
1723
161.68570680130819
1724
171.30342426386363
1725
172.97386196785186
1726
183.34450933346565
1727
175.9168788169674
1728
186.4474824477381
1729
186.8226739983036
1730
186.639345613858
1731
184.84460750134173
1732
185.87649064853687
1733
188.37170529835956
1734
186.44604416107788
1735
189.76472579869863
1736
191.75968553380832
1737
182.8385167045047
1738
192.216727559751
1739
187.9360782384497
1740
181.78434751770877
1741
191.8694286158145
1742
188.5135367382397
1743
181.6933108651709
1744
177.16567659120284
1745
180.97596628852952
1746
163.9129308675342
1747
161.31329929812483
1748
166.30921540766238
1749
149.92542627688294
1750
156.13345556578653
1751
148.88458542601242
1752
145.0070386948181
1753
156.78459215289806
1754
147.49018018250055
1755
130.92673033921
1756
128.688408809869
1757
128.160161332817
1758
134.45478800031603
1759
144.06950686526773
1760
151.06412817794202
1761
169.59102316998303
1762
160.92819152976938
1763
165.96729298807404
1764
165.83680806102058
1765
169.40306256610856
1766
155.66415165171017
1767
153.52762971492945
1768
159.40146614804036
1769
170.05534120157634
1770
162.74597058434475
1771
182.0755471455843
1772
168.93743707081802
1773
171.58719514934762
1774
183.40151176281435
1775
200.0441801549356
1776
184.50481660124314
1777
195.87163062498684
1778
194.30987764751842
1779
190.90965930251784
1780
187.73818570829906
1781
186.9088228854199
1782
183.7150406052231
1783
181.17286300878533
1784
183.7774737445663
1785
185.14767094026155
1786
183.77392879610034
1787
185.17011490049168
1788
185.97602466460592
1789
188.49447062468263
1790
183.1610261417217
1791
186.61268775756653
1792
191.0092884392605
1793
192.42483776354842
1794
188.3643350807489
1795
190.21441857323595
1796
197.72183185946687
1797
192.4182134080049
1798
198.09735815084022
1799
203.03127685155323
1800
205.87954320954677
1801
208.0821158589692
1802
203.97915053055567
1803
206.5291858153936
1804
201.57103912981452
1805
196.7588168842491
1806
211.08836867901627
1807
207.18900317782862
1808
201.87062179050892
1809
199.30356755422036
1810
203.00756004546955
1811
202.21221447257707
1812
206.0248828876834
1813
199.26072056576768
1814
197.06206935216687
1815
204.37806488108285
1816
198.40318933564038
1817
198.99309594886964
1818
192.71876884964777
1819
190.920655331232
1820
193.654519396213
1821
189.76547440277952
1822
190.1907981944061
1823
190.13768284795813
1824
187.19571407113628
1825
188.42858525554465
1826
187.5866393572368
1827
187.31429274196992
1828
193.00969243137493
1829
185.60880148740077
1830
181.7015577088838
1831
189.1544385991459
1832
183.90152466801118
1833
190.0685722009945
1834
189.2808578198615
1835
186.04760999112617
1836
177.85665551225176
1837
189.33611320262273
1838
185.35149033518542
1839
187.39187215487092
1840
178.3816587888921
1841
184.6889465029646
1842
182.83261720807013
1843
189.84778212433147
1844
184.38056768213096
1845
189.9255286595153
1846
189.00091010983812
1847
194.240494831669
1848
197.67422028956625
1849
190.92162981617892
1850
193.0296718483235
1851
188.13340579664285
1852
188.91594527988985
1853
180.15000202401384
1854
187.31274145207774
1855
191.28782856737163
1856
191.35912584073884
1857
186.30003713216615
1858
191.1937041848721
1859
189.55041610892354
1860
192.9748663268632
1861
190.31230431370648
1862
194.21937606715446
1863
192.3160638012835
1864
191.0123636886716
1865
177.7063268318008
1866
180.83486802867014
1867
164.8913643569399
1868
156.28854161141064
1869
152.32161626514898
1870
144.8120087448169
1871
126.95254049571811
1872
123.02168238065026
1873
102.94539972600136
1874
94.95444775685631
1875
92.88532091736259
1876
103.86630332345914
1877
100.23932435120813
1878
110.33283111069991
1879
109.52258457843726
1880
141.2663780967048
1881
133.94941695768821
1882
137.1908318770945
1883
160.8417311833442
1884
164.74213334905204
1885
165.84511302123371
1886
159.4973171374746
1887
182.2595713015319
1888
180.06436487130935
1889
197.1345784475358
1890
209.30128159840368
1891
202.28195784863064
1892
210.07540271474352
1893
205.37153585307524
1894
203.41960665570218
1895
190.22590889455452
1896
187.42182563067
1897
183.20576411814557
1898
179.80412761510254
1899
171.04142777612142
1900
173.9818244021242
1901
172.97265967668102
1902
171.53754086323966
1903
173.9010963913177
1904
180.18990306323036
1905
173.438535548049
1906
177.3477092493668
1907
177.07044408154732
1908
182.66721759684918
1909
175.35573460368303
1910
173.5337241335048
1911
180.99258067246492
1912
166.69885972319491
1913
166.39832584852172
1914
165.9470910825503
1915
175.78882310682664
1916
183.33077504084503
1917
182.957513830257
1918
181.1210308441069
1919
185.42656423344545
1920
184.7999764963421
1921
188.76683476852497
1922
186.7096887389255
1923
188.32970854102877
1924
187.4967222665369
1925
187.1705318507411
1926
185.57035595386097
1927
185.32061363325127
1928
182.17221568414377
1929
184.21404385451672
1930
181.15421913003777
1931
183.96851168174436
1932
177.49996899598239
1933
168.55974312204444
1934
164.1300918984496
1935
182.23579424077207
1936
178.93455749994098
1937
167.48674454173954
1938
186.36177637228266
1939
185.78576753133274
1940
186.53382713020318
1941
192.07790561741535
1942
193.93874439514173
1943
189.19343783351454
1944
192.16847785862652
1945
191.06398828029944
1946
185.24806073964118
1947
185.03007218972485
1948
185.62187358815885
1949
183.90986750571565
1950
178.43610459678177
1951
178.15069751986232
1952
187.1031140121753
1953
182.76334339458975
1954
184.37557916745564
1955
185.58587334689707
1956
190.16987205905397
1957
185.6913261131453
1958
187.0146580889287
1959
187.16543719619568
1960
192.35089945955357
1961
200.41060903862126
1962
193.80053300171767
1963
195.02028780602592
1964
202.86607203583583
1965
201.25351009334312
1966
200.91295276059031
1967
202.9234982997542
1968
203.12223191949727
1969
199.24511817272108
1970
195.03800516915445
1971
184.58125929177638
1972
173.04183993430215
1973
170.15882859604332
1974
146.80555116919402
1975
159.74887911191348
1976
159.8619522870047
1977
161.55887582377653
1978
155.91732229218016
1979
155.63866315872048
1980
164.76453971796283
1981
170.92177308164048
1982
186.3326263848823
1983
182.22684265779944
1984
180.5062696906701
1985
178.634519781376
1986
186.90846914065304
1987
171.26456522650574
1988
163.01567419862567
1989
178.11244253751954
1990
162.055719273263
1991
156.6769909675227
1992
166.842930605926
1993
156.31198139692808
1994
160.02835556850368
1995
187.84346377019264
1996
177.02489245303133
1997
191.7487071036021
1998
192.76277345680768
1999
203.09502743039144
2000
202.36245404682737
2001
202.45038680276468
